12 0.872070 0.132324 0.039062 0.077148
11 0.443848 0.774414 0.151367 0.070312
11 0.193848 0.562500 0.098633 0.076172
5 0.719727 0.162109 0.044922 0.044922
8 0.280762 0.915527 0.051758 0.051758
2 0.752441 0.437988 0.041992 0.041992
0 0.833008 0.569824 0.158203 0.090820
6 0.496094 0.075195 0.046875 0.046875
9 0.916992 0.668945 0.060547 0.060547
7 0.472168 0.852051 0.036133 0.036133
0 0.197266 0.307617 0.140625 0.095703
11 0.445312 0.604004 0.111328 0.061523
6 0.378418 0.522949 0.047852 0.047852
12 0.770508 0.878906 0.068359 0.054688
10 0.450684 0.195801 0.053711 0.053711
0 0.277832 0.190918 0.147461 0.084961
12 0.864258 0.435547 0.046875 0.056641