7 0.514648 0.798828 0.039062 0.039062
12 0.611328 0.879395 0.068359 0.065430
0 0.752441 0.481445 0.145508 0.091797
10 0.666992 0.728516 0.056641 0.056641
8 0.500488 0.640137 0.059570 0.059570
3 0.452148 0.793945 0.046875 0.046875
0 0.732422 0.602539 0.160156 0.076172
9 0.420410 0.287598 0.047852 0.047852
11 0.775391 0.289062 0.097656 0.054688
0 0.305176 0.777832 0.163086 0.090820
0 0.852051 0.157227 0.135742 0.062500
12 0.302734 0.314453 0.062500 0.050781
8 0.823242 0.730469 0.054688 0.054688
0 0.410645 0.135254 0.122070 0.092773