0 0.649902 0.378906 0.151367 0.085938
4 0.819336 0.402344 0.048828 0.048828
8 0.636230 0.502441 0.059570 0.059570
0 0.147461 0.632324 0.128906 0.067383
11 0.748047 0.102051 0.156250 0.071289
10 0.234375 0.853516 0.050781 0.050781
7 0.600586 0.807617 0.048828 0.048828
0 0.822266 0.274414 0.162109 0.080078
11 0.819336 0.794434 0.119141 0.051758
10 0.293457 0.562012 0.063477 0.063477
0 0.717773 0.611816 0.128906 0.090820
12 0.495605 0.226074 0.063477 0.063477
0 0.868164 0.902344 0.125000 0.074219
12 0.450195 0.546387 0.064453 0.067383
12 0.329102 0.825195 0.041016 0.064453
7 0.257324 0.784668 0.034180 0.034180
9 0.356445 0.675781 0.056641 0.056641