5 0.855957 0.701660 0.034180 0.034180
0 0.126953 0.260742 0.126953 0.056641
7 0.653809 0.103027 0.038086 0.038086
1 0.752441 0.454102 0.131836 0.054688
7 0.339355 0.345215 0.045898 0.045898
0 0.604004 0.443359 0.102539 0.066406
0 0.604980 0.535156 0.102539 0.074219
8 0.193359 0.436523 0.046875 0.046875
1 0.184082 0.583984 0.124023 0.066406
9 0.673828 0.321289 0.048828 0.048828
9 0.581055 0.738281 0.048828 0.048828
7 0.368164 0.576172 0.042969 0.042969
1 0.310547 0.088867 0.126953 0.070312
0 0.406250 0.472168 0.175781 0.084961
0 0.838379 0.280762 0.116211 0.084961