0 0.148438 0.258789 0.101562 0.074219
1 0.208008 0.790527 0.179688 0.059570
0 0.704102 0.778320 0.173828 0.060547
1 0.326172 0.671875 0.150391 0.048828
0 0.607910 0.581055 0.168945 0.060547
5 0.251953 0.904297 0.048828 0.048828
3 0.148926 0.720215 0.030273 0.030273
0 0.155762 0.538086 0.166992 0.058594
1 0.404297 0.587891 0.167969 0.078125
0 0.489258 0.131348 0.128906 0.084961
1 0.695801 0.503418 0.129883 0.049805
3 0.120117 0.149414 0.042969 0.042969
1 0.407715 0.289551 0.176758 0.055664
1 0.619141 0.358887 0.167969 0.049805