8 0.099121 0.842285 0.047852 0.047852
6 0.339355 0.198730 0.045898 0.045898
7 0.888672 0.720703 0.041016 0.041016
11 0.832520 0.240723 0.090820 0.065430
12 0.694824 0.148926 0.045898 0.051758
8 0.805664 0.868164 0.056641 0.056641
0 0.479004 0.847168 0.145508 0.063477
12 0.538574 0.521973 0.049805 0.055664
12 0.590332 0.214844 0.057617 0.056641
0 0.589355 0.617676 0.133789 0.084961
0 0.166504 0.261719 0.161133 0.087891
3 0.344727 0.603516 0.039062 0.039062
9 0.703613 0.625488 0.063477 0.063477
3 0.189453 0.419922 0.050781 0.050781
0 0.207520 0.608887 0.147461 0.084961
11 0.657715 0.507324 0.139648 0.073242