6 0.069824 0.630371 0.030273 0.030273
1 0.205566 0.368164 0.147461 0.068359
10 0.375977 0.730469 0.048828 0.048828
1 0.639648 0.899902 0.150391 0.073242
0 0.644043 0.374023 0.125977 0.078125
0 0.138672 0.097656 0.144531 0.078125
0 0.308105 0.122070 0.110352 0.060547
4 0.862305 0.889648 0.039062 0.039062
10 0.183594 0.675781 0.048828 0.048828
6 0.206543 0.767090 0.041992 0.041992
10 0.342285 0.294434 0.057617 0.057617
7 0.442383 0.905273 0.042969 0.042969
10 0.566406 0.258789 0.052734 0.052734
9 0.753906 0.302734 0.041016 0.041016
1 0.288086 0.907227 0.117188 0.076172