0 0.531738 0.659668 0.137695 0.094727
4 0.329102 0.279297 0.039062 0.039062
12 0.608887 0.812012 0.057617 0.075195
0 0.788086 0.874512 0.177734 0.083008
12 0.246094 0.439941 0.060547 0.061523
11 0.397461 0.088867 0.091797 0.060547
10 0.287109 0.860352 0.048828 0.048828
0 0.124023 0.893066 0.121094 0.071289
10 0.796875 0.254883 0.060547 0.060547
5 0.391602 0.622070 0.041016 0.041016
12 0.532715 0.182617 0.057617 0.072266
7 0.776855 0.370605 0.049805 0.049805
4 0.273926 0.594238 0.036133 0.036133
12 0.217773 0.291016 0.054688 0.058594
11 0.667969 0.487793 0.144531 0.065430