12 0.305664 0.417480 0.041016 0.049805
0 0.227051 0.690430 0.143555 0.083984
0 0.653320 0.666504 0.156250 0.065430
0 0.690430 0.888184 0.162109 0.065430
11 0.641113 0.504395 0.137695 0.059570
12 0.360352 0.129395 0.058594 0.075195
11 0.817871 0.437988 0.143555 0.065430
12 0.094238 0.478516 0.063477 0.076172
11 0.454102 0.440430 0.103516 0.048828
12 0.778809 0.255859 0.057617 0.058594
0 0.737305 0.108887 0.179688 0.081055
8 0.522461 0.867188 0.054688 0.054688
9 0.482422 0.628906 0.054688 0.054688