2 0.207031 0.172852 0.046875 0.046875
12 0.151855 0.299805 0.040039 0.072266
12 0.774902 0.733398 0.061523 0.072266
5 0.916992 0.814453 0.037109 0.037109
8 0.663574 0.770996 0.051758 0.051758
12 0.518555 0.539062 0.041016 0.070312
12 0.281738 0.458496 0.053711 0.063477
12 0.273438 0.295898 0.041016 0.066406
4 0.872070 0.207031 0.044922 0.044922
11 0.621094 0.247070 0.144531 0.060547
9 0.159180 0.516602 0.048828 0.048828
6 0.696777 0.152832 0.047852 0.047852
12 0.323242 0.847168 0.039062 0.055664
11 0.383789 0.190918 0.134766 0.067383
7 0.264648 0.538086 0.042969 0.042969
2 0.495117 0.833984 0.035156 0.035156
0 0.428223 0.324219 0.170898 0.085938
5 0.109375 0.832031 0.046875 0.046875