9 0.732910 0.737793 0.049805 0.049805
11 0.595703 0.915039 0.105469 0.054688
0 0.432129 0.161621 0.172852 0.069336
0 0.632324 0.467773 0.133789 0.058594
5 0.748047 0.433594 0.046875 0.046875
9 0.317871 0.702637 0.059570 0.059570
10 0.839355 0.188965 0.051758 0.051758
12 0.415039 0.318848 0.041016 0.077148
12 0.885254 0.746094 0.065430 0.066406
10 0.195801 0.300293 0.045898 0.045898
6 0.775391 0.090820 0.037109 0.037109
9 0.382812 0.504883 0.054688 0.054688
0 0.302734 0.299316 0.117188 0.094727
12 0.776367 0.844727 0.064453 0.066406