11 0.717285 0.385742 0.124023 0.054688
12 0.124512 0.181152 0.040039 0.061523
2 0.467773 0.700195 0.046875 0.046875
11 0.860840 0.195801 0.112305 0.059570
11 0.152832 0.091797 0.125977 0.048828
12 0.390625 0.806152 0.044922 0.065430
5 0.294434 0.123535 0.041992 0.041992
6 0.832520 0.470215 0.047852 0.047852
6 0.406738 0.686035 0.043945 0.043945
6 0.590820 0.922852 0.039062 0.039062
0 0.281738 0.261230 0.176758 0.094727
11 0.150879 0.423828 0.125977 0.078125
5 0.162598 0.504395 0.034180 0.034180
0 0.491699 0.439453 0.157227 0.089844
12 0.480469 0.897461 0.058594 0.078125
0 0.538086 0.613770 0.125000 0.075195
12 0.419434 0.580078 0.040039 0.048828
11 0.680176 0.297852 0.118164 0.058594