0 0.557617 0.105469 0.126953 0.083984
1 0.618652 0.428223 0.165039 0.073242
1 0.325684 0.231445 0.174805 0.054688
8 0.362793 0.430176 0.055664 0.055664
10 0.659180 0.687500 0.056641 0.056641
8 0.272949 0.848145 0.040039 0.040039
10 0.118652 0.141113 0.040039 0.040039
2 0.073730 0.222168 0.038086 0.038086
9 0.150391 0.639648 0.044922 0.044922
5 0.794434 0.541504 0.034180 0.034180
9 0.408691 0.535645 0.053711 0.053711
1 0.169922 0.776367 0.183594 0.048828
3 0.531738 0.711426 0.036133 0.036133
7 0.747070 0.789062 0.039062 0.039062
0 0.782227 0.619629 0.115234 0.079102