11 0.514648 0.627441 0.109375 0.077148
2 0.368652 0.714355 0.049805 0.049805
0 0.637207 0.728516 0.168945 0.089844
12 0.813477 0.100098 0.058594 0.073242
0 0.796387 0.607422 0.186523 0.091797
11 0.261230 0.101562 0.118164 0.072266
6 0.851562 0.523438 0.041016 0.041016
10 0.296387 0.193848 0.055664 0.055664
0 0.164062 0.764648 0.119141 0.066406
12 0.416992 0.094727 0.068359 0.076172
0 0.290527 0.874023 0.135742 0.087891
0 0.727539 0.490723 0.164062 0.059570
12 0.669434 0.406250 0.051758 0.070312
9 0.651855 0.273926 0.049805 0.049805
9 0.394531 0.481445 0.044922 0.044922
0 0.588867 0.182617 0.181641 0.066406
12 0.389648 0.281738 0.060547 0.057617
12 0.182617 0.312500 0.066406 0.066406