0 0.215332 0.724121 0.168945 0.084961
3 0.750977 0.703125 0.035156 0.035156
9 0.407227 0.204102 0.058594 0.058594
10 0.413086 0.669922 0.054688 0.054688
9 0.771973 0.186035 0.061523 0.061523
4 0.369141 0.832031 0.039062 0.039062
11 0.611816 0.331055 0.094727 0.058594
11 0.654297 0.144043 0.097656 0.049805
11 0.438477 0.455566 0.128906 0.063477
11 0.406738 0.562012 0.143555 0.065430
11 0.822266 0.575684 0.089844 0.053711
2 0.844238 0.728027 0.049805 0.049805
11 0.777344 0.333008 0.128906 0.064453
12 0.502930 0.146484 0.041016 0.072266
5 0.200195 0.342773 0.039062 0.039062