2 0.410645 0.436035 0.032227 0.032227
0 0.601562 0.333496 0.109375 0.063477
0 0.525879 0.441895 0.147461 0.065430
0 0.738281 0.179688 0.150391 0.085938
2 0.592773 0.600586 0.048828 0.048828
0 0.566895 0.902832 0.129883 0.081055
7 0.514160 0.549316 0.036133 0.036133
6 0.269043 0.525879 0.041992 0.041992
9 0.818848 0.760254 0.053711 0.053711
0 0.243164 0.641602 0.160156 0.082031
8 0.744141 0.541016 0.052734 0.052734
8 0.422363 0.125488 0.049805 0.049805
3 0.463379 0.348145 0.047852 0.047852
1 0.208984 0.256348 0.107422 0.075195
7 0.679199 0.882324 0.043945 0.043945