8 0.169922 0.503906 0.058594 0.058594
0 0.750488 0.561523 0.120117 0.068359
6 0.470703 0.625000 0.035156 0.035156
0 0.599121 0.389160 0.125977 0.061523
0 0.250000 0.894531 0.097656 0.070312
1 0.503418 0.100098 0.157227 0.055664
9 0.474609 0.763672 0.048828 0.048828
2 0.795410 0.107910 0.036133 0.036133
1 0.774902 0.416992 0.159180 0.056641
4 0.205566 0.625488 0.032227 0.032227
2 0.908691 0.124512 0.047852 0.047852
0 0.315430 0.455078 0.099609 0.052734
2 0.228516 0.302734 0.042969 0.042969
9 0.236328 0.158203 0.050781 0.050781
6 0.609375 0.811523 0.029297 0.029297