12 0.172852 0.204590 0.042969 0.063477
6 0.862793 0.342285 0.040039 0.040039
12 0.383789 0.622559 0.068359 0.073242
12 0.711914 0.905273 0.054688 0.060547
12 0.599609 0.530762 0.064453 0.073242
0 0.792480 0.198730 0.190430 0.088867
10 0.677734 0.512695 0.048828 0.048828
10 0.593750 0.189453 0.058594 0.058594
10 0.575195 0.292969 0.052734 0.052734
0 0.290039 0.103027 0.150391 0.073242
0 0.181641 0.577148 0.187500 0.076172
12 0.515625 0.701172 0.054688 0.068359
11 0.201172 0.497070 0.136719 0.052734
9 0.736816 0.305176 0.043945 0.043945
11 0.874023 0.494141 0.099609 0.062500