9 0.516602 0.746094 0.048828 0.048828
8 0.229492 0.161133 0.058594 0.058594
8 0.275879 0.236816 0.041992 0.041992
6 0.083496 0.549316 0.030273 0.030273
1 0.651855 0.869141 0.108398 0.076172
1 0.794922 0.719238 0.113281 0.055664
0 0.243652 0.357910 0.116211 0.049805
0 0.703125 0.318359 0.175781 0.085938
8 0.379883 0.820312 0.056641 0.056641
2 0.850098 0.093262 0.043945 0.043945
10 0.368164 0.144531 0.048828 0.048828
1 0.669434 0.132812 0.184570 0.074219
4 0.099609 0.131836 0.042969 0.042969
1 0.512695 0.500000 0.099609 0.070312
1 0.205566 0.745117 0.165039 0.068359