12 0.470703 0.526855 0.052734 0.061523
0 0.530762 0.256836 0.131836 0.087891
11 0.811035 0.703125 0.133789 0.062500
12 0.634277 0.429199 0.051758 0.061523
0 0.159668 0.373535 0.194336 0.061523
9 0.916992 0.437500 0.052734 0.052734
0 0.166016 0.815430 0.181641 0.087891
7 0.760254 0.361816 0.053711 0.053711
11 0.217773 0.224609 0.113281 0.076172
0 0.653320 0.597168 0.142578 0.079102
0 0.369629 0.431152 0.137695 0.073242
12 0.716309 0.865234 0.045898 0.066406
3 0.414062 0.108398 0.044922 0.044922
11 0.678223 0.242188 0.124023 0.068359
4 0.847168 0.132324 0.041992 0.041992
12 0.457031 0.852539 0.042969 0.074219