4 0.687012 0.138184 0.034180 0.034180
1 0.234863 0.355469 0.161133 0.072266
1 0.351562 0.456543 0.138672 0.051758
1 0.454102 0.846680 0.195312 0.066406
10 0.105469 0.261719 0.056641 0.056641
10 0.628418 0.210449 0.051758 0.051758
1 0.131348 0.508789 0.127930 0.056641
1 0.786621 0.833984 0.170898 0.048828
4 0.627930 0.715820 0.042969 0.042969
1 0.367676 0.094238 0.190430 0.063477
9 0.493164 0.384766 0.052734 0.052734
1 0.854004 0.338379 0.098633 0.055664
6 0.562988 0.114746 0.040039 0.040039
1 0.181152 0.604004 0.129883 0.067383
0 0.338867 0.729980 0.130859 0.079102