0 0.391113 0.517578 0.137695 0.072266
7 0.238281 0.464844 0.035156 0.035156
11 0.606934 0.597656 0.149414 0.066406
12 0.447754 0.153809 0.057617 0.061523
10 0.862305 0.661133 0.044922 0.044922
0 0.746582 0.102539 0.188477 0.074219
10 0.813965 0.567871 0.045898 0.045898
8 0.875977 0.457031 0.062500 0.062500
10 0.573242 0.803711 0.054688 0.054688
9 0.225098 0.289551 0.047852 0.047852
3 0.881348 0.226074 0.047852 0.047852
0 0.291992 0.155762 0.144531 0.077148
12 0.109375 0.598145 0.062500 0.069336
0 0.404785 0.903809 0.118164 0.059570