12 0.449219 0.654785 0.058594 0.055664
10 0.510742 0.396484 0.048828 0.048828
0 0.333008 0.173828 0.162109 0.095703
10 0.799805 0.341797 0.058594 0.058594
4 0.395996 0.923340 0.051758 0.051758
11 0.508789 0.173340 0.136719 0.061523
0 0.232422 0.500977 0.132812 0.076172
12 0.740723 0.680664 0.043945 0.062500
3 0.774902 0.138184 0.034180 0.034180
12 0.538086 0.639160 0.062500 0.065430
7 0.139648 0.256836 0.052734 0.052734
0 0.239746 0.825684 0.163086 0.067383
0 0.787598 0.597168 0.151367 0.059570
11 0.717773 0.768555 0.130859 0.074219
11 0.398926 0.419434 0.088867 0.065430
5 0.250488 0.424316 0.040039 0.040039