0 0.642578 0.919922 0.148438 0.060547
11 0.524902 0.649414 0.143555 0.048828
9 0.740723 0.656738 0.049805 0.049805
0 0.546387 0.802734 0.118164 0.085938
11 0.689941 0.110840 0.127930 0.053711
12 0.236328 0.848145 0.050781 0.063477
9 0.558594 0.553711 0.058594 0.058594
12 0.518066 0.347168 0.055664 0.069336
8 0.317383 0.748047 0.054688 0.054688
3 0.469238 0.490723 0.043945 0.043945
12 0.393555 0.465820 0.054688 0.068359
2 0.814453 0.096680 0.052734 0.052734
7 0.123047 0.390625 0.050781 0.050781
7 0.843750 0.283203 0.042969 0.042969
12 0.213867 0.722656 0.058594 0.060547
11 0.367676 0.272949 0.153320 0.057617