10 0.534668 0.670410 0.055664 0.055664
12 0.660645 0.117676 0.055664 0.059570
11 0.291504 0.625000 0.106445 0.058594
11 0.736328 0.690918 0.146484 0.063477
11 0.269531 0.261719 0.119141 0.048828
3 0.218750 0.179688 0.044922 0.044922
7 0.666992 0.322266 0.042969 0.042969
0 0.441406 0.427246 0.119141 0.075195
8 0.847656 0.441406 0.046875 0.046875
5 0.288574 0.482910 0.047852 0.047852
12 0.385254 0.757324 0.047852 0.075195
0 0.664551 0.903809 0.159180 0.073242
12 0.270996 0.782715 0.055664 0.061523
0 0.639160 0.414551 0.141602 0.063477
9 0.125977 0.400391 0.048828 0.048828
11 0.632812 0.783203 0.142578 0.074219
12 0.870605 0.152832 0.065430 0.049805