0 0.673340 0.406250 0.129883 0.054688
9 0.286621 0.839355 0.047852 0.047852
0 0.867676 0.089844 0.143555 0.052734
9 0.667969 0.238281 0.044922 0.044922
0 0.114746 0.795898 0.110352 0.074219
1 0.608887 0.556152 0.143555 0.059570
10 0.559082 0.390137 0.053711 0.053711
0 0.438965 0.706543 0.174805 0.065430
8 0.361816 0.210449 0.043945 0.043945
0 0.190430 0.257324 0.136719 0.063477
3 0.637695 0.805664 0.042969 0.042969
1 0.425781 0.840820 0.130859 0.078125
1 0.170898 0.406250 0.191406 0.070312
5 0.650391 0.631836 0.041016 0.041016
10 0.740723 0.899902 0.049805 0.049805