12 0.138184 0.426270 0.055664 0.059570
0 0.446777 0.487793 0.157227 0.086914
12 0.835938 0.825195 0.048828 0.056641
11 0.290039 0.380859 0.152344 0.050781
6 0.719727 0.541016 0.037109 0.037109
3 0.577637 0.423340 0.053711 0.053711
0 0.509766 0.799805 0.144531 0.072266
12 0.166992 0.143555 0.046875 0.056641
12 0.608398 0.208496 0.050781 0.075195
5 0.699219 0.771484 0.044922 0.044922
8 0.638184 0.304199 0.055664 0.055664
12 0.836914 0.503418 0.060547 0.049805
0 0.755859 0.326172 0.123047 0.082031
12 0.078613 0.820801 0.045898 0.067383