10 0.342285 0.702637 0.055664 0.055664
3 0.416016 0.465820 0.041016 0.041016
11 0.467773 0.696777 0.132812 0.059570
11 0.819336 0.323730 0.111328 0.063477
9 0.207520 0.504395 0.045898 0.045898
4 0.895508 0.734375 0.052734 0.052734
4 0.329590 0.284668 0.045898 0.045898
12 0.630859 0.625977 0.054688 0.048828
11 0.759766 0.817383 0.125000 0.064453
10 0.505859 0.779297 0.062500 0.062500
12 0.157227 0.253418 0.039062 0.065430
12 0.417480 0.168457 0.061523 0.071289
9 0.259766 0.628906 0.044922 0.044922
6 0.072266 0.701172 0.044922 0.044922