12 0.927734 0.386230 0.046875 0.071289
2 0.740723 0.635254 0.047852 0.047852
10 0.608398 0.472656 0.058594 0.058594
7 0.521973 0.461426 0.051758 0.051758
0 0.481934 0.096191 0.137695 0.069336
12 0.477051 0.296387 0.067383 0.077148
2 0.290527 0.548340 0.043945 0.043945
11 0.813477 0.491211 0.138672 0.058594
11 0.119141 0.365723 0.125000 0.059570
0 0.831055 0.818848 0.146484 0.059570
10 0.669922 0.312500 0.056641 0.056641
10 0.419922 0.187500 0.044922 0.044922
12 0.826660 0.196777 0.063477 0.059570
12 0.131836 0.479980 0.058594 0.063477
12 0.434082 0.454590 0.063477 0.049805