3 0.186523 0.107422 0.033203 0.033203
9 0.678711 0.326172 0.042969 0.042969
8 0.898438 0.339844 0.042969 0.042969
0 0.730469 0.791504 0.150391 0.067383
1 0.229980 0.641602 0.188477 0.050781
8 0.693848 0.914551 0.045898 0.045898
0 0.581543 0.187500 0.143555 0.064453
10 0.732422 0.644531 0.046875 0.046875
1 0.211914 0.437500 0.113281 0.062500
9 0.822754 0.499512 0.041992 0.041992
8 0.811035 0.326660 0.055664 0.055664
1 0.182617 0.898926 0.166016 0.061523
7 0.480957 0.901855 0.038086 0.038086
0 0.482910 0.275879 0.116211 0.053711