0 0.719238 0.630859 0.188477 0.074219
7 0.816406 0.860352 0.050781 0.050781
11 0.190918 0.181152 0.135742 0.061523
11 0.308594 0.736816 0.107422 0.063477
3 0.425293 0.122559 0.049805 0.049805
9 0.718262 0.462402 0.055664 0.055664
7 0.860352 0.260742 0.041016 0.041016
12 0.899414 0.463867 0.056641 0.066406
8 0.082031 0.763672 0.046875 0.046875
0 0.619629 0.319336 0.139648 0.085938
2 0.892090 0.529785 0.034180 0.034180
9 0.086914 0.685547 0.056641 0.056641
6 0.528809 0.192871 0.034180 0.034180
12 0.379883 0.869141 0.050781 0.076172
8 0.657715 0.781738 0.047852 0.047852
11 0.774902 0.111816 0.137695 0.055664
7 0.468750 0.517578 0.046875 0.046875