0 0.648438 0.838379 0.152344 0.075195
0 0.355957 0.637695 0.133789 0.058594
1 0.443359 0.286621 0.164062 0.059570
3 0.333496 0.776855 0.040039 0.040039
1 0.248535 0.364746 0.157227 0.051758
6 0.882324 0.270020 0.034180 0.034180
0 0.872559 0.442383 0.145508 0.056641
0 0.773438 0.122559 0.130859 0.079102
7 0.764160 0.604980 0.041992 0.041992
0 0.603516 0.141113 0.105469 0.067383
6 0.087402 0.337402 0.030273 0.030273
2 0.649902 0.408691 0.043945 0.043945
5 0.522461 0.884766 0.033203 0.033203
0 0.527344 0.723145 0.167969 0.075195
1 0.678223 0.231934 0.133789 0.069336