5 0.177734 0.108398 0.048828 0.048828
11 0.386230 0.507324 0.153320 0.055664
10 0.147949 0.352051 0.045898 0.045898
8 0.786133 0.762695 0.044922 0.044922
0 0.278320 0.749512 0.117188 0.073242
0 0.804688 0.202148 0.164062 0.074219
12 0.438477 0.617188 0.042969 0.068359
2 0.370117 0.071289 0.042969 0.042969
11 0.125977 0.750000 0.119141 0.056641
12 0.438477 0.390625 0.050781 0.066406
12 0.632812 0.566895 0.068359 0.065430
12 0.269531 0.583984 0.066406 0.050781
12 0.530762 0.602051 0.065430 0.061523
9 0.234863 0.408691 0.057617 0.057617
9 0.718262 0.096191 0.059570 0.059570