12 0.536133 0.602539 0.062500 0.058594
12 0.556152 0.849609 0.055664 0.078125
12 0.167969 0.476562 0.058594 0.048828
9 0.119141 0.086914 0.058594 0.058594
12 0.557617 0.240234 0.056641 0.076172
4 0.158691 0.617676 0.043945 0.043945
11 0.795410 0.579102 0.149414 0.074219
12 0.339844 0.301758 0.054688 0.054688
11 0.671387 0.882812 0.139648 0.076172
0 0.881348 0.738770 0.122070 0.077148
12 0.354492 0.842773 0.039062 0.048828
9 0.894043 0.190918 0.049805 0.049805
0 0.377930 0.182129 0.148438 0.071289
0 0.206543 0.808105 0.176758 0.092773
8 0.476562 0.916992 0.050781 0.050781