0 0.226074 0.905762 0.141602 0.071289
8 0.122559 0.522949 0.055664 0.055664
11 0.287109 0.384766 0.099609 0.054688
11 0.844238 0.484863 0.116211 0.051758
12 0.581055 0.488281 0.060547 0.068359
12 0.541992 0.757812 0.054688 0.076172
0 0.146973 0.392578 0.147461 0.093750
12 0.706055 0.739258 0.068359 0.066406
8 0.258789 0.708984 0.044922 0.044922
10 0.275391 0.092773 0.062500 0.062500
12 0.538574 0.250000 0.053711 0.066406
12 0.763184 0.227051 0.065430 0.053711
9 0.183105 0.825684 0.043945 0.043945
6 0.375488 0.542480 0.049805 0.049805
12 0.281250 0.630371 0.041016 0.067383
12 0.446777 0.417969 0.043945 0.078125