5 0.377441 0.560059 0.036133 0.036133
12 0.600098 0.346680 0.055664 0.056641
0 0.320801 0.864258 0.118164 0.089844
0 0.758301 0.905762 0.170898 0.075195
4 0.420898 0.343750 0.052734 0.052734
12 0.595703 0.672363 0.060547 0.061523
0 0.459961 0.157227 0.189453 0.089844
8 0.303223 0.565918 0.047852 0.047852
0 0.600098 0.446289 0.129883 0.093750
7 0.197266 0.662109 0.037109 0.037109
11 0.217285 0.482910 0.114258 0.051758
0 0.227539 0.367676 0.177734 0.071289
10 0.115234 0.625977 0.046875 0.046875
0 0.811523 0.231934 0.119141 0.075195
5 0.229980 0.291504 0.041992 0.041992