6 0.392578 0.450195 0.029297 0.029297
6 0.628418 0.400879 0.041992 0.041992
6 0.796387 0.745605 0.045898 0.045898
0 0.221191 0.898926 0.147461 0.053711
0 0.242188 0.638184 0.162109 0.075195
5 0.402832 0.908691 0.041992 0.041992
1 0.575195 0.104492 0.177734 0.066406
5 0.514648 0.679688 0.033203 0.033203
1 0.187500 0.105957 0.097656 0.061523
8 0.750488 0.889160 0.057617 0.057617
8 0.559570 0.889648 0.052734 0.052734
9 0.791016 0.330078 0.039062 0.039062
1 0.147461 0.286133 0.177734 0.052734
2 0.689453 0.213867 0.044922 0.044922
9 0.663086 0.639648 0.039062 0.039062