2 0.842773 0.684570 0.052734 0.052734
11 0.760742 0.874512 0.140625 0.073242
11 0.610840 0.825195 0.092773 0.070312
12 0.242188 0.540527 0.041016 0.069336
9 0.527832 0.563965 0.053711 0.053711
9 0.393555 0.566406 0.058594 0.058594
4 0.921875 0.595703 0.037109 0.037109
0 0.409180 0.713867 0.130859 0.074219
5 0.084473 0.920410 0.049805 0.049805
8 0.205078 0.369141 0.062500 0.062500
0 0.147461 0.648926 0.171875 0.092773
11 0.406250 0.294434 0.138672 0.055664
2 0.876465 0.186035 0.049805 0.049805
12 0.168945 0.847656 0.064453 0.052734