5 0.892090 0.728027 0.045898 0.045898
11 0.678711 0.369629 0.144531 0.051758
8 0.818848 0.783691 0.057617 0.057617
12 0.252441 0.406250 0.043945 0.072266
12 0.726562 0.516602 0.056641 0.078125
5 0.495605 0.101074 0.038086 0.038086
0 0.585449 0.708496 0.165039 0.077148
11 0.331543 0.139160 0.110352 0.059570
4 0.432129 0.143066 0.051758 0.051758
5 0.489258 0.380859 0.052734 0.052734
9 0.211426 0.626465 0.061523 0.061523
12 0.796875 0.571289 0.052734 0.048828
11 0.424805 0.493652 0.154297 0.077148
12 0.880859 0.301758 0.041016 0.072266
2 0.804688 0.141602 0.046875 0.046875
0 0.510254 0.878906 0.131836 0.078125
2 0.277832 0.297363 0.043945 0.043945