0 0.163574 0.369141 0.155273 0.083984
1 0.313477 0.770508 0.134766 0.050781
1 0.297363 0.568848 0.153320 0.057617
1 0.800781 0.836426 0.166016 0.071289
0 0.558594 0.832520 0.160156 0.077148
0 0.823730 0.499512 0.129883 0.053711
1 0.193848 0.236328 0.155273 0.060547
1 0.532227 0.333008 0.183594 0.052734
7 0.800293 0.159668 0.040039 0.040039
9 0.437500 0.487305 0.042969 0.042969
7 0.752441 0.336426 0.034180 0.034180
4 0.926758 0.608398 0.042969 0.042969
1 0.621582 0.450195 0.131836 0.054688
1 0.628418 0.612793 0.176758 0.077148
10 0.625488 0.120605 0.045898 0.045898