5 0.466309 0.329590 0.043945 0.043945
8 0.261719 0.456055 0.048828 0.048828
2 0.599609 0.349609 0.039062 0.039062
11 0.140137 0.188477 0.149414 0.074219
10 0.323242 0.758789 0.052734 0.052734
10 0.484863 0.723145 0.047852 0.047852
4 0.542480 0.659668 0.045898 0.045898
3 0.560059 0.505371 0.036133 0.036133
10 0.211914 0.921875 0.056641 0.056641
8 0.198242 0.350586 0.056641 0.056641
7 0.883301 0.251465 0.045898 0.045898
11 0.441895 0.915039 0.137695 0.056641
10 0.791992 0.256836 0.062500 0.062500
5 0.224121 0.679199 0.053711 0.053711
0 0.644043 0.217285 0.131836 0.067383
8 0.292480 0.342285 0.043945 0.043945
9 0.577148 0.876953 0.052734 0.052734