11 0.143555 0.484375 0.125000 0.056641
12 0.406250 0.371094 0.039062 0.068359
12 0.789551 0.090332 0.049805 0.065430
11 0.675781 0.879395 0.138672 0.071289
4 0.401855 0.763184 0.051758 0.051758
0 0.635254 0.673828 0.180664 0.089844
5 0.082520 0.325684 0.051758 0.051758
12 0.851074 0.610352 0.055664 0.062500
0 0.301758 0.133301 0.162109 0.071289
12 0.278320 0.288574 0.062500 0.067383
3 0.678711 0.473633 0.039062 0.039062
12 0.573242 0.357422 0.056641 0.060547
9 0.344238 0.895996 0.049805 0.049805
11 0.134766 0.207520 0.113281 0.075195
11 0.872559 0.871582 0.108398 0.059570
5 0.682129 0.237793 0.045898 0.045898