0 0.627930 0.715820 0.162109 0.064453
0 0.762695 0.496094 0.140625 0.058594
5 0.538574 0.261230 0.047852 0.047852
11 0.342773 0.757324 0.132812 0.065430
0 0.676270 0.148926 0.122070 0.092773
12 0.811523 0.217285 0.046875 0.067383
0 0.281250 0.278320 0.171875 0.058594
7 0.856934 0.607910 0.036133 0.036133
3 0.722168 0.623535 0.049805 0.049805
12 0.670898 0.824219 0.054688 0.066406
11 0.151855 0.406738 0.129883 0.057617
12 0.386230 0.880371 0.047852 0.059570
0 0.408691 0.562988 0.178711 0.092773
9 0.847168 0.736816 0.047852 0.047852
9 0.114746 0.325684 0.059570 0.059570
11 0.125488 0.522949 0.088867 0.061523