0 0.585938 0.860840 0.169922 0.083008
12 0.396973 0.733398 0.049805 0.076172
12 0.804688 0.217285 0.056641 0.049805
0 0.762207 0.525391 0.170898 0.060547
0 0.780762 0.690430 0.127930 0.076172
5 0.629883 0.315430 0.048828 0.048828
11 0.332031 0.171875 0.146484 0.064453
8 0.396973 0.613770 0.063477 0.063477
10 0.463867 0.699219 0.046875 0.046875
8 0.727539 0.331055 0.050781 0.050781
3 0.550293 0.363770 0.051758 0.051758
0 0.174316 0.887695 0.151367 0.091797
8 0.126953 0.788086 0.060547 0.060547
12 0.600586 0.710938 0.046875 0.060547
0 0.353027 0.833496 0.151367 0.088867
11 0.760742 0.421387 0.126953 0.051758