8 0.641113 0.194824 0.049805 0.049805
9 0.800781 0.508789 0.046875 0.046875
12 0.821289 0.152832 0.042969 0.067383
12 0.564941 0.608398 0.055664 0.050781
3 0.921387 0.874512 0.041992 0.041992
10 0.478027 0.522949 0.047852 0.047852
3 0.643555 0.623047 0.050781 0.050781
11 0.165527 0.265625 0.149414 0.066406
2 0.603516 0.537109 0.046875 0.046875
0 0.787598 0.711914 0.176758 0.070312
0 0.599609 0.331543 0.128906 0.090820
7 0.206055 0.348633 0.037109 0.037109
0 0.391602 0.783203 0.138672 0.078125
4 0.873047 0.514648 0.041016 0.041016
9 0.783691 0.387207 0.053711 0.053711