12 0.663086 0.836914 0.058594 0.058594
9 0.563965 0.687988 0.053711 0.053711
5 0.710449 0.405762 0.038086 0.038086
4 0.432129 0.184082 0.034180 0.034180
0 0.830078 0.713867 0.156250 0.097656
11 0.329590 0.373047 0.114258 0.078125
0 0.211426 0.649414 0.137695 0.091797
12 0.521484 0.526367 0.041016 0.048828
4 0.194824 0.188965 0.049805 0.049805
11 0.541504 0.816895 0.143555 0.077148
12 0.835449 0.377441 0.041992 0.069336
0 0.644531 0.121094 0.148438 0.097656
12 0.764648 0.496094 0.058594 0.060547
3 0.441406 0.588867 0.039062 0.039062
0 0.281250 0.818848 0.183594 0.071289
11 0.829590 0.618652 0.088867 0.055664
9 0.256836 0.090820 0.060547 0.060547
11 0.750000 0.914551 0.121094 0.065430