11 0.639648 0.345215 0.146484 0.065430
11 0.499023 0.635742 0.130859 0.056641
0 0.815430 0.662598 0.166016 0.083008
8 0.646973 0.750488 0.057617 0.057617
11 0.604004 0.092285 0.120117 0.049805
0 0.413086 0.885254 0.183594 0.086914
10 0.315918 0.539551 0.061523 0.061523
5 0.135254 0.489746 0.047852 0.047852
12 0.296387 0.167480 0.051758 0.053711
8 0.246582 0.311035 0.047852 0.047852
0 0.277344 0.768555 0.156250 0.064453
4 0.128418 0.741699 0.049805 0.049805
9 0.613281 0.850586 0.060547 0.060547
12 0.404297 0.178711 0.066406 0.052734
0 0.540039 0.551758 0.128906 0.062500
11 0.749023 0.782715 0.111328 0.069336
12 0.764160 0.117188 0.055664 0.078125