11 0.414551 0.299316 0.149414 0.059570
4 0.562012 0.919434 0.038086 0.038086
6 0.137207 0.330566 0.040039 0.040039
0 0.342285 0.596680 0.118164 0.078125
9 0.452148 0.380859 0.056641 0.056641
0 0.811523 0.395508 0.160156 0.076172
0 0.373047 0.833008 0.160156 0.070312
12 0.253906 0.219238 0.052734 0.071289
11 0.570312 0.224609 0.107422 0.070312
0 0.682617 0.679199 0.185547 0.083008
5 0.219727 0.094727 0.050781 0.050781
11 0.390625 0.479492 0.101562 0.072266
11 0.611328 0.574219 0.087891 0.056641
12 0.504883 0.538086 0.064453 0.056641