11 0.244141 0.294434 0.103516 0.049805
4 0.566895 0.253418 0.040039 0.040039
11 0.478516 0.483398 0.150391 0.054688
0 0.325684 0.694336 0.170898 0.064453
11 0.404785 0.112305 0.106445 0.070312
12 0.812012 0.679688 0.065430 0.076172
12 0.820801 0.459961 0.041992 0.050781
12 0.085938 0.688477 0.048828 0.056641
8 0.598145 0.440918 0.047852 0.047852
11 0.560059 0.858398 0.129883 0.056641
7 0.692383 0.521484 0.035156 0.035156
12 0.371094 0.256348 0.041016 0.073242
0 0.738770 0.279297 0.135742 0.095703
8 0.596680 0.314453 0.046875 0.046875
11 0.770020 0.872559 0.114258 0.071289
11 0.700684 0.156250 0.141602 0.064453
8 0.490234 0.715820 0.058594 0.058594
3 0.121582 0.779785 0.040039 0.040039