10 0.546387 0.423340 0.059570 0.059570
11 0.300293 0.580078 0.151367 0.078125
0 0.210449 0.895508 0.129883 0.076172
9 0.627930 0.768555 0.052734 0.052734
0 0.351562 0.188477 0.140625 0.089844
11 0.487305 0.315918 0.119141 0.057617
12 0.490234 0.699219 0.050781 0.050781
10 0.123535 0.332520 0.055664 0.055664
2 0.258301 0.735840 0.034180 0.034180
0 0.715332 0.203125 0.182617 0.091797
10 0.655762 0.689941 0.063477 0.063477
9 0.921387 0.103027 0.057617 0.057617
12 0.259766 0.333496 0.060547 0.063477
0 0.699219 0.334473 0.140625 0.081055
0 0.784180 0.861328 0.130859 0.080078
10 0.327637 0.822754 0.045898 0.045898
10 0.377441 0.891113 0.057617 0.057617