0 0.664551 0.609375 0.172852 0.080078
12 0.300781 0.583496 0.068359 0.055664
5 0.405273 0.406250 0.037109 0.037109
11 0.260254 0.403320 0.147461 0.072266
2 0.082031 0.236328 0.039062 0.039062
12 0.902832 0.190430 0.040039 0.048828
12 0.428223 0.172363 0.043945 0.075195
6 0.586426 0.723145 0.051758 0.051758
12 0.181152 0.548340 0.043945 0.077148
12 0.775879 0.833008 0.067383 0.052734
12 0.727539 0.346191 0.039062 0.061523
3 0.854980 0.388184 0.053711 0.053711
9 0.413574 0.778809 0.063477 0.063477
12 0.187500 0.694824 0.054688 0.073242
11 0.606445 0.434082 0.140625 0.073242
0 0.857422 0.676758 0.117188 0.091797
12 0.094238 0.812012 0.061523 0.057617
8 0.456543 0.324707 0.059570 0.059570