5 0.417969 0.517578 0.037109 0.037109
0 0.650391 0.615723 0.160156 0.067383
8 0.168457 0.900879 0.047852 0.047852
12 0.249512 0.257324 0.053711 0.063477
0 0.313965 0.131348 0.133789 0.088867
0 0.657715 0.866699 0.125977 0.086914
0 0.168945 0.702148 0.123047 0.093750
12 0.415039 0.725098 0.060547 0.069336
9 0.482422 0.408203 0.060547 0.060547
0 0.443848 0.251953 0.163086 0.062500
0 0.339355 0.596191 0.182617 0.083008
0 0.854492 0.587891 0.173828 0.085938
11 0.457031 0.862305 0.128906 0.064453
3 0.769043 0.228027 0.051758 0.051758
11 0.618652 0.377930 0.131836 0.072266
8 0.389160 0.333496 0.053711 0.053711
10 0.262695 0.382812 0.058594 0.058594
0 0.647461 0.708496 0.148438 0.086914