4 0.556152 0.370605 0.051758 0.051758
0 0.771484 0.546387 0.183594 0.081055
7 0.505859 0.611328 0.039062 0.039062
9 0.254395 0.150879 0.063477 0.063477
0 0.797363 0.775879 0.133789 0.081055
2 0.104492 0.699219 0.046875 0.046875
0 0.785156 0.675781 0.128906 0.078125
11 0.655273 0.192383 0.097656 0.076172
7 0.605957 0.895020 0.047852 0.047852
12 0.363770 0.701660 0.053711 0.075195
0 0.590820 0.698242 0.142578 0.058594
10 0.870605 0.191895 0.057617 0.057617
0 0.219727 0.522949 0.138672 0.061523
5 0.888672 0.286133 0.048828 0.048828
12 0.124023 0.782715 0.066406 0.061523
0 0.199707 0.426758 0.184570 0.093750
0 0.350098 0.245605 0.135742 0.061523