12 0.132324 0.288574 0.049805 0.065430
8 0.751953 0.748047 0.048828 0.048828
12 0.092773 0.464844 0.056641 0.068359
9 0.443848 0.534668 0.063477 0.063477
5 0.426758 0.828125 0.037109 0.037109
12 0.802734 0.586426 0.041016 0.061523
7 0.149902 0.566895 0.045898 0.045898
0 0.678223 0.817383 0.180664 0.058594
12 0.635254 0.327637 0.057617 0.049805
2 0.213379 0.901855 0.043945 0.043945
0 0.821289 0.201172 0.167969 0.080078
0 0.216797 0.699707 0.183594 0.090820
9 0.665527 0.557129 0.053711 0.053711
8 0.321777 0.551270 0.045898 0.045898
9 0.862305 0.111328 0.060547 0.060547
0 0.343262 0.340820 0.192383 0.060547
11 0.472656 0.659180 0.119141 0.050781
12 0.382324 0.265137 0.063477 0.051758