7 0.500000 0.725586 0.029297 0.029297
1 0.296387 0.156738 0.120117 0.059570
9 0.387695 0.458984 0.042969 0.042969
4 0.449219 0.119141 0.035156 0.035156
10 0.378906 0.757812 0.052734 0.052734
1 0.532227 0.572754 0.148438 0.069336
8 0.189941 0.687988 0.051758 0.051758
8 0.281250 0.333984 0.044922 0.044922
0 0.258789 0.836426 0.171875 0.051758
0 0.820312 0.314453 0.173828 0.060547
7 0.172363 0.402832 0.036133 0.036133
7 0.724609 0.215820 0.031250 0.031250
0 0.120117 0.565918 0.140625 0.069336
1 0.574219 0.854492 0.185547 0.074219