9 0.643555 0.524414 0.062500 0.062500
8 0.160156 0.255859 0.060547 0.060547
12 0.169922 0.869141 0.048828 0.074219
11 0.235352 0.578125 0.140625 0.060547
11 0.761230 0.895996 0.106445 0.075195
8 0.465332 0.355957 0.059570 0.059570
0 0.206543 0.094238 0.163086 0.090820
12 0.890137 0.339844 0.065430 0.050781
0 0.378418 0.736328 0.188477 0.097656
3 0.312500 0.187500 0.046875 0.046875
9 0.660645 0.906738 0.051758 0.051758
6 0.368652 0.422363 0.040039 0.040039
8 0.130371 0.463379 0.061523 0.061523
12 0.663086 0.675781 0.042969 0.076172