4 0.180176 0.249512 0.053711 0.053711
12 0.698730 0.826172 0.065430 0.052734
11 0.701660 0.618164 0.112305 0.064453
11 0.299805 0.238281 0.148438 0.078125
11 0.150391 0.088379 0.146484 0.057617
11 0.315430 0.724121 0.134766 0.067383
4 0.779785 0.425293 0.041992 0.041992
11 0.626465 0.504395 0.112305 0.051758
12 0.473633 0.649414 0.044922 0.064453
0 0.555664 0.782715 0.166016 0.067383
9 0.103027 0.861816 0.049805 0.049805
12 0.430176 0.400879 0.053711 0.075195
12 0.208496 0.368652 0.041992 0.051758