2 0.384277 0.681152 0.045898 0.045898
6 0.828125 0.325195 0.044922 0.044922
10 0.390137 0.180176 0.053711 0.053711
11 0.140625 0.682129 0.128906 0.075195
12 0.490723 0.633789 0.057617 0.062500
0 0.842285 0.838867 0.147461 0.097656
7 0.395996 0.517090 0.043945 0.043945
12 0.514648 0.231445 0.056641 0.060547
9 0.634766 0.708984 0.054688 0.054688
11 0.551758 0.326172 0.107422 0.074219
12 0.663086 0.471680 0.039062 0.052734
3 0.809570 0.752930 0.035156 0.035156
5 0.637207 0.635254 0.041992 0.041992
0 0.215820 0.858398 0.144531 0.072266
12 0.738770 0.372070 0.043945 0.070312
0 0.714844 0.226074 0.130859 0.094727