0 0.842285 0.835938 0.131836 0.070312
10 0.394043 0.554199 0.040039 0.040039
7 0.843750 0.499023 0.035156 0.035156
3 0.647949 0.669434 0.040039 0.040039
4 0.918457 0.500488 0.038086 0.038086
10 0.260742 0.710938 0.042969 0.042969
10 0.314941 0.256348 0.055664 0.055664
7 0.652832 0.920410 0.045898 0.045898
0 0.728027 0.540527 0.137695 0.055664
8 0.389160 0.384277 0.051758 0.051758
0 0.591797 0.312012 0.150391 0.071289
1 0.390137 0.863770 0.174805 0.067383
3 0.142090 0.067871 0.030273 0.030273
0 0.149902 0.166992 0.141602 0.074219