11 0.234863 0.861328 0.088867 0.060547
12 0.836426 0.761230 0.041992 0.077148
0 0.182617 0.459961 0.175781 0.062500
11 0.481934 0.664551 0.110352 0.051758
11 0.210449 0.162598 0.118164 0.053711
12 0.662598 0.740723 0.051758 0.057617
0 0.228027 0.657715 0.153320 0.067383
12 0.788086 0.886719 0.041016 0.068359
12 0.515625 0.888672 0.050781 0.076172
10 0.922363 0.571777 0.053711 0.053711
8 0.363281 0.100586 0.048828 0.048828
3 0.371094 0.460938 0.035156 0.035156
7 0.760742 0.518555 0.042969 0.042969
8 0.348145 0.839355 0.063477 0.063477