9 0.518066 0.631348 0.043945 0.043945
6 0.136719 0.236328 0.052734 0.052734
0 0.407715 0.198242 0.118164 0.085938
0 0.597168 0.218262 0.180664 0.071289
9 0.557617 0.304688 0.052734 0.052734
11 0.311035 0.593750 0.102539 0.076172
4 0.324219 0.105469 0.037109 0.037109
4 0.097656 0.436523 0.046875 0.046875
8 0.354980 0.724121 0.061523 0.061523
12 0.569336 0.781250 0.062500 0.054688
0 0.659180 0.635742 0.117188 0.064453
11 0.160645 0.567871 0.094727 0.073242
11 0.258789 0.858398 0.136719 0.060547
5 0.915039 0.137695 0.044922 0.044922
11 0.655273 0.879395 0.111328 0.073242
0 0.504395 0.537598 0.157227 0.079102
11 0.859375 0.711914 0.121094 0.072266