5 0.218750 0.881836 0.050781 0.050781
12 0.110352 0.725098 0.042969 0.061523
3 0.831055 0.559570 0.039062 0.039062
11 0.627441 0.275391 0.137695 0.078125
12 0.687012 0.760254 0.043945 0.065430
10 0.774902 0.213379 0.049805 0.049805
11 0.179199 0.183594 0.116211 0.062500
5 0.324219 0.419922 0.039062 0.039062
9 0.614746 0.768066 0.055664 0.055664
0 0.500977 0.571777 0.187500 0.059570
10 0.464844 0.175781 0.046875 0.046875
0 0.645996 0.161621 0.131836 0.086914
11 0.171387 0.434082 0.151367 0.075195
11 0.790039 0.313477 0.144531 0.054688
0 0.297363 0.534180 0.163086 0.078125