1 0.838867 0.596680 0.140625 0.064453
4 0.915527 0.687988 0.041992 0.041992
4 0.297852 0.848633 0.048828 0.048828
8 0.072754 0.667480 0.045898 0.045898
9 0.604492 0.388672 0.039062 0.039062
1 0.262207 0.571289 0.155273 0.054688
10 0.112305 0.807617 0.052734 0.052734
8 0.165039 0.175781 0.039062 0.039062
0 0.723633 0.866699 0.130859 0.083008
10 0.516113 0.444824 0.047852 0.047852
6 0.702637 0.489746 0.038086 0.038086
1 0.418457 0.905762 0.118164 0.075195
6 0.484375 0.568359 0.042969 0.042969
1 0.549316 0.799805 0.127930 0.056641