8 0.178223 0.460449 0.053711 0.053711
0 0.629395 0.585938 0.172852 0.068359
6 0.886719 0.911133 0.044922 0.044922
12 0.352539 0.336914 0.050781 0.056641
12 0.393555 0.450195 0.066406 0.058594
12 0.534668 0.854980 0.063477 0.069336
10 0.812500 0.824219 0.044922 0.044922
0 0.217285 0.850098 0.120117 0.092773
11 0.352539 0.225586 0.101562 0.074219
0 0.605469 0.711914 0.183594 0.060547
11 0.101562 0.109863 0.101562 0.059570
9 0.081055 0.596680 0.054688 0.054688
0 0.811523 0.610840 0.121094 0.063477
12 0.309570 0.111816 0.046875 0.077148
8 0.524902 0.132324 0.051758 0.051758
12 0.505859 0.448730 0.064453 0.055664