0 0.509277 0.386230 0.176758 0.067383
12 0.239258 0.837891 0.050781 0.056641
0 0.390625 0.185547 0.158203 0.068359
11 0.308105 0.625000 0.114258 0.048828
12 0.454102 0.550781 0.041016 0.074219
0 0.765625 0.633789 0.144531 0.062500
0 0.867676 0.355957 0.159180 0.086914
11 0.841309 0.208984 0.116211 0.078125
8 0.202148 0.465820 0.060547 0.060547
9 0.601562 0.297852 0.058594 0.058594
12 0.102539 0.616699 0.066406 0.075195
12 0.577637 0.544434 0.041992 0.065430
0 0.306152 0.702637 0.174805 0.067383
3 0.093750 0.741211 0.046875 0.046875
0 0.365234 0.839844 0.144531 0.085938