1 0.249023 0.669922 0.138672 0.072266
0 0.558594 0.235840 0.097656 0.051758
2 0.282227 0.337891 0.031250 0.031250
10 0.145508 0.878906 0.058594 0.058594
2 0.404297 0.370117 0.037109 0.037109
1 0.753906 0.479492 0.177734 0.052734
3 0.115234 0.546875 0.029297 0.029297
8 0.890625 0.331055 0.052734 0.052734
7 0.628906 0.449219 0.029297 0.029297
6 0.642578 0.153320 0.048828 0.048828
1 0.746094 0.374512 0.175781 0.053711
1 0.443848 0.907227 0.172852 0.060547
9 0.393555 0.269531 0.042969 0.042969
8 0.698242 0.623047 0.039062 0.039062