10 0.684082 0.104004 0.053711 0.053711
4 0.796387 0.841309 0.043945 0.043945
8 0.506348 0.269043 0.051758 0.051758
7 0.392090 0.448730 0.034180 0.034180
7 0.349609 0.341797 0.046875 0.046875
1 0.682617 0.919434 0.117188 0.057617
0 0.663574 0.620605 0.122070 0.084961
0 0.261719 0.669922 0.160156 0.054688
0 0.136230 0.368652 0.157227 0.086914
7 0.689941 0.827637 0.041992 0.041992
1 0.343750 0.169434 0.138672 0.053711
10 0.172852 0.852539 0.039062 0.039062
9 0.643555 0.182617 0.058594 0.058594
0 0.346680 0.555176 0.166016 0.075195
1 0.709473 0.285645 0.165039 0.069336