5 0.775391 0.853516 0.039062 0.039062
7 0.474121 0.842285 0.034180 0.034180
12 0.612793 0.160645 0.043945 0.051758
12 0.376953 0.410156 0.056641 0.070312
10 0.464844 0.514648 0.044922 0.044922
0 0.794434 0.654297 0.168945 0.076172
9 0.582031 0.482422 0.062500 0.062500
9 0.902832 0.901855 0.063477 0.063477
8 0.262207 0.891113 0.051758 0.051758
0 0.414551 0.612305 0.149414 0.093750
0 0.840820 0.191406 0.117188 0.066406
11 0.712891 0.538086 0.134766 0.050781
7 0.119629 0.382324 0.045898 0.045898
6 0.733887 0.140137 0.036133 0.036133
0 0.318359 0.170898 0.138672 0.078125
9 0.453125 0.920898 0.058594 0.058594
0 0.435547 0.266113 0.169922 0.069336