0 0.562012 0.219238 0.188477 0.094727
0 0.607422 0.876465 0.160156 0.081055
9 0.114258 0.273438 0.060547 0.060547
8 0.297363 0.077637 0.055664 0.055664
0 0.375488 0.257324 0.135742 0.061523
9 0.194336 0.686523 0.062500 0.062500
5 0.221680 0.893555 0.044922 0.044922
0 0.820312 0.285156 0.173828 0.095703
11 0.667969 0.430176 0.156250 0.059570
12 0.772949 0.168945 0.047852 0.062500
0 0.423340 0.728516 0.125977 0.070312
9 0.106934 0.851074 0.043945 0.043945
0 0.153809 0.382324 0.188477 0.096680
0 0.855469 0.687988 0.166016 0.077148