0 0.356445 0.426758 0.148438 0.076172
0 0.576660 0.314453 0.137695 0.087891
2 0.100586 0.884766 0.044922 0.044922
0 0.315918 0.871582 0.170898 0.081055
9 0.743652 0.667480 0.043945 0.043945
1 0.372070 0.301270 0.101562 0.067383
1 0.818359 0.377441 0.099609 0.071289
0 0.588867 0.084961 0.126953 0.062500
7 0.790527 0.079590 0.047852 0.047852
1 0.229492 0.112305 0.181641 0.052734
0 0.822754 0.204590 0.143555 0.075195
4 0.310547 0.605469 0.039062 0.039062
1 0.525391 0.789062 0.175781 0.056641
1 0.190430 0.685059 0.111328 0.055664
1 0.774902 0.820801 0.137695 0.059570