4 0.570312 0.234375 0.042969 0.042969
3 0.456055 0.864258 0.039062 0.039062
7 0.902832 0.212402 0.036133 0.036133
0 0.270020 0.336914 0.170898 0.070312
9 0.126953 0.151367 0.052734 0.052734
1 0.372559 0.139648 0.110352 0.074219
4 0.112793 0.562988 0.030273 0.030273
10 0.656738 0.177246 0.049805 0.049805
9 0.912598 0.087402 0.047852 0.047852
2 0.447754 0.471191 0.038086 0.038086
1 0.771484 0.530762 0.152344 0.073242
3 0.916504 0.641113 0.040039 0.040039
10 0.435547 0.570312 0.052734 0.052734
0 0.226074 0.596680 0.120117 0.054688