1 0.276367 0.290039 0.175781 0.064453
1 0.584961 0.440918 0.140625 0.069336
1 0.302734 0.873535 0.123047 0.065430
1 0.522461 0.188965 0.164062 0.073242
1 0.738281 0.621582 0.140625 0.071289
1 0.770020 0.157227 0.145508 0.052734
5 0.108887 0.827637 0.045898 0.045898
8 0.770020 0.503418 0.057617 0.057617
8 0.884766 0.364258 0.044922 0.044922
8 0.444824 0.699707 0.055664 0.055664
0 0.688965 0.734375 0.122070 0.052734
1 0.226074 0.415527 0.139648 0.061523
1 0.253906 0.579590 0.109375 0.069336
0 0.568848 0.634277 0.124023 0.086914