11 0.533691 0.225586 0.139648 0.072266
6 0.711914 0.420898 0.048828 0.048828
11 0.269043 0.459961 0.124023 0.062500
0 0.557129 0.848633 0.176758 0.062500
12 0.915527 0.658203 0.045898 0.072266
11 0.272461 0.690430 0.152344 0.076172
11 0.570312 0.622070 0.111328 0.052734
0 0.583496 0.356934 0.118164 0.073242
12 0.744141 0.750977 0.062500 0.074219
2 0.844238 0.444824 0.036133 0.036133
12 0.382812 0.440430 0.044922 0.060547
5 0.658203 0.108398 0.035156 0.035156
0 0.324219 0.913574 0.138672 0.071289
8 0.876953 0.256836 0.060547 0.060547
4 0.143555 0.314453 0.041016 0.041016
7 0.278320 0.527344 0.037109 0.037109
0 0.864746 0.883789 0.139648 0.087891
5 0.091797 0.569336 0.052734 0.052734