7 0.083496 0.854980 0.043945 0.043945
12 0.750488 0.906250 0.057617 0.070312
11 0.518555 0.163574 0.093750 0.051758
7 0.708984 0.157227 0.048828 0.048828
7 0.707031 0.544922 0.050781 0.050781
0 0.581055 0.547363 0.169922 0.075195
12 0.544434 0.388672 0.053711 0.078125
11 0.190918 0.173828 0.133789 0.048828
11 0.689941 0.274902 0.129883 0.059570
9 0.382812 0.308594 0.050781 0.050781
9 0.749512 0.429199 0.049805 0.049805
11 0.860840 0.188477 0.145508 0.048828
0 0.377441 0.408691 0.176758 0.081055
0 0.495117 0.798340 0.130859 0.073242
0 0.269043 0.880371 0.188477 0.073242
11 0.726074 0.679688 0.088867 0.054688