8 0.179199 0.648926 0.051758 0.051758
11 0.763672 0.484863 0.136719 0.061523
0 0.283691 0.754395 0.137695 0.069336
11 0.790527 0.296875 0.094727 0.048828
0 0.127441 0.301270 0.151367 0.086914
6 0.310059 0.411621 0.034180 0.034180
12 0.864258 0.607910 0.048828 0.051758
12 0.901367 0.283203 0.050781 0.074219
5 0.118652 0.197754 0.047852 0.047852
11 0.344727 0.188477 0.150391 0.076172
10 0.682617 0.334961 0.062500 0.062500
0 0.527344 0.259766 0.117188 0.097656
3 0.614746 0.641113 0.038086 0.038086
2 0.513672 0.696289 0.046875 0.046875
5 0.683105 0.785645 0.053711 0.053711
0 0.340332 0.311035 0.180664 0.094727
12 0.338867 0.626953 0.068359 0.076172
0 0.851562 0.876953 0.152344 0.087891