10 0.692383 0.209961 0.044922 0.044922
0 0.258301 0.265625 0.178711 0.093750
8 0.307129 0.099121 0.043945 0.043945
8 0.221680 0.532227 0.056641 0.056641
11 0.372070 0.684082 0.109375 0.059570
9 0.569824 0.697754 0.055664 0.055664
10 0.216309 0.088379 0.049805 0.049805
0 0.422363 0.803711 0.180664 0.058594
0 0.685547 0.534180 0.189453 0.091797
11 0.845703 0.765137 0.121094 0.065430
11 0.417969 0.389648 0.130859 0.064453
11 0.471680 0.535156 0.138672 0.066406
0 0.206055 0.836914 0.173828 0.066406
6 0.927246 0.872559 0.047852 0.047852
3 0.408203 0.183594 0.044922 0.044922
0 0.680664 0.335938 0.166016 0.089844
0 0.495605 0.898438 0.153320 0.058594
11 0.551758 0.205566 0.101562 0.077148