11 0.696777 0.228516 0.100586 0.064453
12 0.452637 0.156738 0.057617 0.067383
11 0.354492 0.217285 0.103516 0.049805
8 0.398926 0.747559 0.049805 0.049805
12 0.386230 0.633301 0.049805 0.051758
10 0.850098 0.216309 0.051758 0.051758
0 0.848145 0.467773 0.141602 0.085938
9 0.247070 0.852539 0.058594 0.058594
12 0.880371 0.353516 0.051758 0.048828
11 0.589844 0.401855 0.097656 0.059570
3 0.785645 0.564941 0.034180 0.034180
3 0.819824 0.847168 0.043945 0.043945
0 0.687012 0.879883 0.131836 0.074219
12 0.313477 0.758301 0.046875 0.063477
4 0.193359 0.673828 0.046875 0.046875