6 0.126465 0.382324 0.051758 0.051758
0 0.251465 0.228027 0.184570 0.067383
12 0.332031 0.748047 0.052734 0.072266
12 0.725586 0.389160 0.046875 0.073242
0 0.548828 0.683105 0.144531 0.079102
8 0.698730 0.250488 0.055664 0.055664
12 0.886719 0.462402 0.048828 0.065430
12 0.160645 0.536621 0.065430 0.049805
12 0.903320 0.375977 0.056641 0.068359
4 0.296875 0.115234 0.037109 0.037109
11 0.375000 0.333496 0.138672 0.059570
10 0.542480 0.336426 0.063477 0.063477
3 0.262207 0.700684 0.038086 0.038086