4 0.510742 0.540039 0.039062 0.039062
8 0.855957 0.724121 0.047852 0.047852
11 0.653809 0.805664 0.088867 0.052734
11 0.853027 0.226074 0.122070 0.069336
0 0.735840 0.556641 0.159180 0.060547
11 0.453125 0.751953 0.089844 0.076172
11 0.642578 0.657227 0.113281 0.064453
11 0.530762 0.395020 0.143555 0.077148
4 0.541504 0.882324 0.047852 0.047852
12 0.906250 0.326172 0.048828 0.060547
8 0.917969 0.856445 0.044922 0.044922
12 0.259766 0.344238 0.048828 0.073242
12 0.558105 0.085449 0.047852 0.063477
0 0.323242 0.157715 0.173828 0.094727
6 0.288086 0.559570 0.042969 0.042969
10 0.790527 0.448730 0.057617 0.057617
12 0.917480 0.554199 0.055664 0.061523
5 0.084473 0.886230 0.053711 0.053711