11 0.902344 0.863770 0.089844 0.055664
8 0.851562 0.137695 0.056641 0.056641
3 0.132812 0.537109 0.048828 0.048828
8 0.247070 0.627930 0.060547 0.060547
0 0.810547 0.657227 0.166016 0.058594
0 0.570312 0.366699 0.136719 0.092773
11 0.616211 0.785645 0.103516 0.075195
9 0.457520 0.807129 0.053711 0.053711
12 0.230957 0.802734 0.059570 0.060547
10 0.757812 0.456055 0.052734 0.052734
0 0.604004 0.668945 0.143555 0.070312
11 0.332031 0.080078 0.091797 0.054688
0 0.447266 0.905762 0.181641 0.061523
6 0.603516 0.498047 0.044922 0.044922