4 0.142090 0.479980 0.034180 0.034180
12 0.845703 0.149414 0.039062 0.064453
12 0.525879 0.377441 0.049805 0.053711
10 0.895996 0.777832 0.053711 0.053711
9 0.828613 0.307129 0.063477 0.063477
11 0.735352 0.520996 0.144531 0.049805
11 0.351562 0.692871 0.156250 0.051758
6 0.917480 0.315918 0.049805 0.049805
0 0.683105 0.259766 0.176758 0.091797
9 0.519043 0.870605 0.045898 0.045898
12 0.347168 0.293457 0.040039 0.053711
7 0.291992 0.843750 0.044922 0.044922
8 0.444336 0.384766 0.054688 0.054688
0 0.735840 0.867188 0.135742 0.076172
8 0.471680 0.644531 0.050781 0.050781