6 0.497070 0.207031 0.050781 0.050781
6 0.303711 0.508789 0.046875 0.046875
11 0.333984 0.688965 0.126953 0.061523
3 0.493652 0.705566 0.036133 0.036133
11 0.603027 0.919434 0.104492 0.061523
0 0.789551 0.294434 0.194336 0.069336
12 0.420898 0.088867 0.042969 0.064453
10 0.445801 0.785645 0.059570 0.059570
0 0.715332 0.464844 0.168945 0.089844
0 0.277344 0.278320 0.164062 0.076172
7 0.902344 0.193359 0.050781 0.050781
0 0.845703 0.771973 0.136719 0.096680
12 0.175781 0.864746 0.046875 0.069336
11 0.292480 0.433594 0.088867 0.068359
7 0.653320 0.180664 0.035156 0.035156
11 0.494141 0.298828 0.140625 0.076172