10 0.390625 0.316406 0.056641 0.056641
11 0.652832 0.226074 0.098633 0.067383
12 0.440430 0.898926 0.068359 0.065430
0 0.156738 0.547363 0.168945 0.096680
12 0.416992 0.420410 0.066406 0.061523
11 0.301270 0.155273 0.118164 0.056641
0 0.799805 0.575684 0.146484 0.063477
12 0.546875 0.100586 0.068359 0.076172
12 0.135742 0.380859 0.044922 0.060547
0 0.165039 0.763184 0.179688 0.088867
3 0.770020 0.422363 0.047852 0.047852
8 0.579102 0.479492 0.050781 0.050781
11 0.632812 0.411621 0.126953 0.051758
0 0.591309 0.711914 0.139648 0.078125
11 0.391113 0.552246 0.125977 0.051758
11 0.837402 0.136230 0.104492 0.071289
7 0.732422 0.138672 0.039062 0.039062