11 0.241211 0.501465 0.125000 0.067383
12 0.605957 0.442871 0.045898 0.077148
3 0.139648 0.246094 0.039062 0.039062
12 0.419922 0.492188 0.046875 0.052734
0 0.444336 0.372070 0.181641 0.070312
0 0.414062 0.131836 0.185547 0.068359
6 0.315918 0.576660 0.034180 0.034180
3 0.668945 0.682617 0.048828 0.048828
11 0.614258 0.837891 0.156250 0.050781
12 0.826660 0.454590 0.067383 0.069336
12 0.075684 0.822754 0.045898 0.065430
11 0.179688 0.694336 0.095703 0.064453
12 0.811035 0.155762 0.045898 0.075195