12 0.136719 0.168457 0.066406 0.055664
8 0.378418 0.430176 0.051758 0.051758
12 0.562500 0.752441 0.041016 0.071289
12 0.083984 0.458008 0.056641 0.052734
5 0.886719 0.356445 0.035156 0.035156
4 0.180664 0.665039 0.041016 0.041016
0 0.335449 0.127441 0.163086 0.088867
3 0.785156 0.328125 0.044922 0.044922
9 0.262695 0.812500 0.054688 0.054688
8 0.730957 0.861816 0.049805 0.049805
12 0.759277 0.518555 0.047852 0.078125
6 0.391113 0.823730 0.038086 0.038086
12 0.477539 0.225586 0.046875 0.072266
0 0.588867 0.498047 0.166016 0.070312
3 0.172852 0.808594 0.044922 0.044922
9 0.113770 0.317871 0.059570 0.059570
0 0.563965 0.113770 0.125977 0.077148
12 0.892578 0.573730 0.054688 0.049805