11 0.864258 0.590332 0.152344 0.049805
5 0.476562 0.544922 0.039062 0.039062
12 0.180664 0.337402 0.060547 0.061523
12 0.507812 0.825195 0.056641 0.070312
0 0.336426 0.287598 0.155273 0.081055
10 0.510742 0.194336 0.046875 0.046875
11 0.658203 0.735352 0.103516 0.050781
12 0.630371 0.469727 0.045898 0.078125
4 0.793945 0.761719 0.044922 0.044922
8 0.720215 0.298340 0.045898 0.045898
12 0.534668 0.299805 0.061523 0.070312
12 0.121582 0.861328 0.065430 0.054688
6 0.906250 0.075195 0.039062 0.039062
12 0.170410 0.544434 0.045898 0.061523
12 0.180664 0.727051 0.046875 0.075195
10 0.682129 0.101074 0.055664 0.055664