0 0.825684 0.204590 0.161133 0.081055
11 0.848633 0.642090 0.093750 0.073242
12 0.915039 0.301758 0.052734 0.050781
12 0.089355 0.651367 0.065430 0.078125
12 0.622070 0.220215 0.044922 0.053711
9 0.095215 0.378418 0.063477 0.063477
9 0.833984 0.881836 0.050781 0.050781
9 0.111816 0.809082 0.043945 0.043945
5 0.785645 0.301270 0.040039 0.040039
11 0.632812 0.879883 0.099609 0.074219
0 0.589844 0.085938 0.132812 0.062500
0 0.581543 0.763672 0.118164 0.089844
10 0.670410 0.651855 0.049805 0.049805
2 0.250488 0.228027 0.047852 0.047852
11 0.458984 0.593750 0.132812 0.078125
6 0.473145 0.741699 0.045898 0.045898