10 0.781250 0.147461 0.048828 0.048828
0 0.234863 0.336914 0.125977 0.089844
9 0.890625 0.885742 0.054688 0.054688
8 0.466797 0.252930 0.058594 0.058594
8 0.666992 0.670898 0.048828 0.048828
11 0.833984 0.079102 0.099609 0.056641
11 0.882812 0.708984 0.107422 0.050781
0 0.282227 0.756836 0.160156 0.085938
9 0.422852 0.140625 0.054688 0.054688
0 0.642578 0.328613 0.152344 0.084961
8 0.562500 0.594727 0.062500 0.062500
0 0.565430 0.491211 0.195312 0.072266
0 0.327148 0.898926 0.171875 0.077148
11 0.190918 0.596680 0.112305 0.076172
0 0.627441 0.794922 0.190430 0.082031
12 0.133789 0.782715 0.056641 0.053711