1 0.428711 0.436035 0.193359 0.061523
3 0.858887 0.858887 0.032227 0.032227
8 0.323242 0.267578 0.056641 0.056641
9 0.149902 0.268066 0.047852 0.047852
8 0.215332 0.163574 0.041992 0.041992
8 0.636719 0.082031 0.056641 0.056641
4 0.077637 0.632324 0.047852 0.047852
5 0.329102 0.608398 0.037109 0.037109
9 0.694336 0.239258 0.052734 0.052734
8 0.229004 0.812012 0.057617 0.057617
8 0.725098 0.359863 0.040039 0.040039
7 0.574219 0.727539 0.039062 0.039062
5 0.777832 0.249512 0.047852 0.047852
0 0.426270 0.102539 0.163086 0.082031
8 0.686523 0.477539 0.052734 0.052734