9 0.371582 0.713379 0.053711 0.053711
5 0.437012 0.666504 0.038086 0.038086
0 0.384766 0.505371 0.181641 0.059570
12 0.852051 0.414062 0.047852 0.066406
4 0.851074 0.336426 0.051758 0.051758
0 0.667969 0.339844 0.146484 0.078125
11 0.526855 0.170898 0.127930 0.048828
11 0.195312 0.540039 0.101562 0.068359
5 0.343750 0.601562 0.039062 0.039062
9 0.224609 0.261719 0.046875 0.046875
11 0.179199 0.078613 0.155273 0.051758
0 0.288086 0.387695 0.130859 0.087891
0 0.170410 0.662109 0.153320 0.093750
8 0.580566 0.100098 0.057617 0.057617
8 0.906250 0.615234 0.056641 0.056641
0 0.607910 0.831543 0.170898 0.065430