9 0.141113 0.789551 0.055664 0.055664
0 0.278320 0.302246 0.177734 0.067383
11 0.637695 0.219238 0.093750 0.059570
0 0.529785 0.433105 0.161133 0.096680
11 0.799805 0.291992 0.099609 0.058594
11 0.874023 0.543945 0.095703 0.056641
9 0.467773 0.539062 0.050781 0.050781
0 0.293457 0.214844 0.129883 0.074219
0 0.735840 0.844727 0.165039 0.078125
2 0.793457 0.140137 0.049805 0.049805
12 0.142578 0.186035 0.042969 0.071289
0 0.244141 0.595703 0.125000 0.080078
10 0.573730 0.139160 0.051758 0.051758
0 0.700195 0.696289 0.193359 0.064453
2 0.852051 0.927246 0.047852 0.047852
0 0.632812 0.606934 0.187500 0.059570