8 0.155762 0.595215 0.051758 0.051758
3 0.082031 0.209961 0.048828 0.048828
9 0.278809 0.575684 0.041992 0.041992
1 0.873535 0.249023 0.153320 0.078125
8 0.535156 0.447266 0.056641 0.056641
10 0.194336 0.222656 0.050781 0.050781
8 0.425781 0.378906 0.056641 0.056641
1 0.115234 0.459961 0.109375 0.064453
1 0.782715 0.784180 0.098633 0.076172
8 0.774902 0.160645 0.055664 0.055664
1 0.787598 0.903320 0.178711 0.068359
1 0.772949 0.448730 0.153320 0.075195
5 0.604980 0.729004 0.047852 0.047852
0 0.280273 0.389648 0.111328 0.076172
3 0.529297 0.336914 0.041016 0.041016