8 0.365234 0.409180 0.060547 0.060547
12 0.327148 0.788086 0.066406 0.070312
8 0.205078 0.837891 0.046875 0.046875
0 0.830078 0.368164 0.144531 0.076172
2 0.842773 0.076172 0.037109 0.037109
9 0.670410 0.684082 0.059570 0.059570
3 0.545898 0.101562 0.042969 0.042969
11 0.135742 0.721680 0.132812 0.050781
12 0.318848 0.119629 0.055664 0.075195
8 0.482422 0.774414 0.046875 0.046875
11 0.804688 0.570312 0.123047 0.060547
7 0.418945 0.740234 0.046875 0.046875
0 0.388672 0.639648 0.154297 0.082031
8 0.889648 0.722656 0.060547 0.060547