11 0.638672 0.456055 0.107422 0.074219
0 0.353516 0.179199 0.132812 0.094727
0 0.324707 0.679688 0.151367 0.091797
5 0.464844 0.190430 0.041016 0.041016
12 0.727051 0.583496 0.047852 0.049805
7 0.388184 0.863770 0.036133 0.036133
5 0.267090 0.497559 0.040039 0.040039
7 0.810547 0.788086 0.037109 0.037109
0 0.501465 0.867676 0.153320 0.096680
0 0.145508 0.525391 0.148438 0.062500
11 0.248535 0.784668 0.102539 0.067383
0 0.819824 0.244141 0.178711 0.080078
12 0.542969 0.130859 0.041016 0.058594
12 0.688965 0.917480 0.045898 0.067383
12 0.621094 0.350098 0.054688 0.061523
0 0.599121 0.232910 0.166992 0.090820
5 0.603516 0.544922 0.041016 0.041016
2 0.082031 0.647461 0.050781 0.050781