11 0.590820 0.326660 0.152344 0.069336
12 0.173828 0.856934 0.039062 0.059570
12 0.773926 0.219727 0.041992 0.070312
12 0.328125 0.881348 0.064453 0.055664
11 0.206055 0.735840 0.154297 0.055664
11 0.338867 0.655762 0.154297 0.051758
0 0.504395 0.526367 0.163086 0.074219
12 0.421387 0.781250 0.057617 0.068359
12 0.151367 0.662109 0.066406 0.048828
10 0.751465 0.310059 0.063477 0.063477
9 0.549805 0.607422 0.054688 0.054688
12 0.906250 0.155762 0.068359 0.059570
0 0.301758 0.290039 0.148438 0.091797
2 0.331543 0.114746 0.040039 0.040039
12 0.364258 0.579590 0.054688 0.067383
0 0.546387 0.684082 0.118164 0.059570
11 0.394043 0.386719 0.120117 0.048828
7 0.625977 0.572266 0.048828 0.048828