0 0.184570 0.594238 0.130859 0.061523
1 0.417969 0.678223 0.181641 0.077148
1 0.426270 0.333008 0.143555 0.072266
0 0.741211 0.750488 0.146484 0.057617
0 0.506836 0.100098 0.144531 0.077148
0 0.595215 0.561523 0.104492 0.072266
0 0.858887 0.222656 0.157227 0.074219
1 0.347656 0.555176 0.119141 0.055664
10 0.591797 0.466797 0.041016 0.041016
1 0.562012 0.903320 0.168945 0.074219
4 0.092773 0.197266 0.048828 0.048828
8 0.152832 0.297363 0.041992 0.041992
10 0.435547 0.781250 0.046875 0.046875
2 0.869141 0.489258 0.035156 0.035156
6 0.896484 0.421875 0.033203 0.033203