0 0.419922 0.792480 0.173828 0.077148
0 0.481934 0.444336 0.131836 0.064453
7 0.483887 0.704590 0.053711 0.053711
5 0.306641 0.533203 0.037109 0.037109
0 0.838379 0.254395 0.184570 0.090820
12 0.365723 0.189453 0.045898 0.062500
12 0.447266 0.261719 0.052734 0.066406
0 0.801758 0.730957 0.136719 0.086914
11 0.206055 0.259277 0.115234 0.073242
12 0.649902 0.357422 0.049805 0.074219
11 0.744629 0.879395 0.112305 0.063477
11 0.596191 0.121094 0.092773 0.050781
11 0.123535 0.681152 0.088867 0.067383
0 0.194336 0.401367 0.193359 0.070312