0 0.758301 0.440918 0.129883 0.075195
1 0.699707 0.802734 0.176758 0.056641
1 0.267090 0.818848 0.114258 0.051758
0 0.297852 0.108398 0.101562 0.060547
0 0.882324 0.911133 0.135742 0.052734
1 0.856445 0.250977 0.158203 0.062500
4 0.269043 0.339355 0.041992 0.041992
1 0.392578 0.385254 0.125000 0.055664
8 0.497070 0.498047 0.042969 0.042969
0 0.333496 0.613770 0.135742 0.075195
1 0.634766 0.650391 0.119141 0.050781
0 0.478027 0.288086 0.122070 0.062500
4 0.486328 0.656250 0.042969 0.042969
5 0.885742 0.457031 0.033203 0.033203
0 0.463379 0.826660 0.147461 0.073242