0 0.490234 0.847168 0.119141 0.094727
10 0.416992 0.750977 0.052734 0.052734
0 0.827637 0.118164 0.157227 0.083984
0 0.269531 0.669922 0.162109 0.064453
12 0.135742 0.641602 0.060547 0.068359
9 0.891602 0.447266 0.058594 0.058594
12 0.480469 0.371094 0.058594 0.062500
12 0.261719 0.197266 0.062500 0.054688
10 0.555176 0.286621 0.047852 0.047852
12 0.770020 0.548340 0.041992 0.075195
5 0.143555 0.889648 0.037109 0.037109
12 0.391113 0.368164 0.041992 0.068359
12 0.611816 0.702148 0.057617 0.056641
0 0.645020 0.387207 0.166992 0.084961
10 0.670410 0.590332 0.057617 0.057617
11 0.763672 0.762695 0.154297 0.054688
0 0.769043 0.676758 0.174805 0.083984
11 0.816406 0.258789 0.103516 0.060547