12 0.776367 0.255859 0.046875 0.060547
5 0.421387 0.608887 0.041992 0.041992
0 0.530762 0.705566 0.137695 0.077148
0 0.158691 0.206543 0.172852 0.069336
6 0.409180 0.690430 0.042969 0.042969
2 0.871094 0.579102 0.044922 0.044922
8 0.328125 0.470703 0.048828 0.048828
11 0.223145 0.104004 0.100586 0.059570
0 0.464355 0.098633 0.139648 0.080078
12 0.174805 0.738281 0.066406 0.072266
3 0.293457 0.671387 0.041992 0.041992
5 0.655273 0.424805 0.039062 0.039062
11 0.717285 0.349609 0.129883 0.072266
5 0.503906 0.536133 0.035156 0.035156
12 0.713379 0.803223 0.047852 0.071289
0 0.181152 0.469238 0.174805 0.083008
12 0.736816 0.175293 0.047852 0.053711