11 0.618164 0.463379 0.138672 0.071289
11 0.605469 0.701172 0.097656 0.060547
0 0.187988 0.807129 0.192383 0.069336
9 0.849121 0.704590 0.055664 0.055664
9 0.819336 0.074219 0.044922 0.044922
12 0.284668 0.450195 0.063477 0.068359
11 0.346680 0.591309 0.150391 0.063477
0 0.629883 0.342773 0.187500 0.060547
12 0.744141 0.487305 0.064453 0.064453
12 0.244141 0.278320 0.046875 0.066406
11 0.295898 0.144043 0.105469 0.057617
8 0.549316 0.085449 0.057617 0.057617
11 0.760742 0.781250 0.087891 0.054688