0 0.752441 0.586914 0.122070 0.050781
1 0.746582 0.127930 0.141602 0.056641
10 0.490723 0.506348 0.057617 0.057617
6 0.503418 0.406738 0.032227 0.032227
6 0.598633 0.851562 0.048828 0.048828
4 0.187500 0.833008 0.039062 0.039062
7 0.678223 0.870605 0.040039 0.040039
10 0.385254 0.437012 0.053711 0.053711
1 0.623047 0.291992 0.150391 0.074219
5 0.647461 0.211914 0.033203 0.033203
1 0.519043 0.627441 0.174805 0.051758
7 0.204102 0.289062 0.031250 0.031250
1 0.729004 0.416992 0.110352 0.070312
0 0.171387 0.138672 0.102539 0.085938