11 0.771973 0.513184 0.137695 0.063477
11 0.508789 0.358398 0.105469 0.062500
6 0.881836 0.790039 0.048828 0.048828
11 0.838867 0.915039 0.150391 0.052734
3 0.285156 0.146484 0.046875 0.046875
5 0.625488 0.287598 0.047852 0.047852
12 0.793457 0.708008 0.057617 0.048828
12 0.358398 0.180176 0.056641 0.065430
2 0.372559 0.295410 0.051758 0.051758
4 0.642090 0.192871 0.036133 0.036133
11 0.201172 0.761230 0.101562 0.069336
11 0.238281 0.857422 0.091797 0.056641
3 0.870117 0.334961 0.037109 0.037109