12 0.364258 0.458984 0.039062 0.056641
12 0.838867 0.091309 0.064453 0.053711
6 0.148438 0.545898 0.042969 0.042969
0 0.185059 0.410156 0.118164 0.060547
2 0.758301 0.454590 0.034180 0.034180
12 0.227539 0.522949 0.046875 0.051758
4 0.102051 0.783691 0.041992 0.041992
0 0.696289 0.552734 0.144531 0.095703
10 0.462891 0.750000 0.044922 0.044922
7 0.092285 0.895020 0.049805 0.049805
11 0.550293 0.231445 0.094727 0.068359
10 0.231934 0.657715 0.059570 0.059570
4 0.742676 0.736816 0.047852 0.047852
10 0.264160 0.908691 0.055664 0.055664
0 0.270020 0.262207 0.186523 0.092773
5 0.562500 0.354492 0.042969 0.042969
10 0.700195 0.183594 0.044922 0.044922
0 0.262695 0.760742 0.121094 0.076172