10 0.525879 0.114746 0.043945 0.043945
1 0.565430 0.498047 0.167969 0.052734
1 0.383789 0.612793 0.171875 0.067383
10 0.591309 0.598145 0.040039 0.040039
0 0.407715 0.083008 0.114258 0.054688
0 0.827637 0.118164 0.143555 0.078125
3 0.658691 0.088379 0.043945 0.043945
1 0.687988 0.830566 0.153320 0.051758
6 0.534668 0.210449 0.032227 0.032227
1 0.279785 0.378906 0.174805 0.064453
1 0.275391 0.875977 0.164062 0.070312
6 0.511230 0.833496 0.043945 0.043945
0 0.186523 0.498047 0.173828 0.052734
1 0.151855 0.257324 0.168945 0.069336
0 0.489258 0.320801 0.121094 0.061523