12 0.176758 0.337891 0.066406 0.072266
0 0.749023 0.651855 0.166016 0.094727
12 0.425781 0.254883 0.046875 0.070312
10 0.344238 0.150879 0.059570 0.059570
12 0.908203 0.108398 0.060547 0.064453
6 0.398926 0.669434 0.036133 0.036133
10 0.620117 0.562500 0.054688 0.054688
0 0.746582 0.197754 0.190430 0.065430
6 0.932129 0.265137 0.036133 0.036133
12 0.816895 0.276367 0.041992 0.048828
4 0.701660 0.836426 0.045898 0.045898
5 0.083496 0.166504 0.045898 0.045898
0 0.562012 0.743164 0.161133 0.097656
12 0.082520 0.839844 0.063477 0.070312
7 0.263184 0.377441 0.053711 0.053711
12 0.755859 0.356445 0.050781 0.078125