1 0.491211 0.779297 0.107422 0.054688
0 0.304688 0.333496 0.171875 0.086914
3 0.838867 0.451172 0.031250 0.031250
5 0.404297 0.698242 0.041016 0.041016
1 0.156250 0.591309 0.152344 0.069336
6 0.903320 0.083984 0.031250 0.031250
1 0.816406 0.565918 0.167969 0.073242
0 0.446289 0.096680 0.115234 0.052734
0 0.674316 0.340820 0.157227 0.076172
1 0.823730 0.736328 0.194336 0.050781
9 0.564941 0.468262 0.047852 0.047852
9 0.137695 0.294922 0.058594 0.058594
1 0.270508 0.698730 0.138672 0.067383
1 0.608887 0.660645 0.133789 0.057617
9 0.085449 0.787598 0.051758 0.051758