2 0.173340 0.744629 0.034180 0.034180
11 0.444824 0.237305 0.143555 0.052734
12 0.336914 0.867188 0.052734 0.052734
7 0.113770 0.923340 0.034180 0.034180
12 0.855469 0.830078 0.060547 0.048828
12 0.420410 0.678223 0.057617 0.061523
0 0.711914 0.590820 0.132812 0.078125
12 0.656250 0.850586 0.056641 0.058594
0 0.426758 0.559570 0.169922 0.091797
0 0.163574 0.127441 0.172852 0.092773
11 0.754883 0.174316 0.140625 0.069336
0 0.135742 0.444336 0.164062 0.087891
0 0.354980 0.334961 0.157227 0.064453
12 0.820801 0.616211 0.049805 0.078125
8 0.629883 0.292969 0.048828 0.048828
11 0.875977 0.922363 0.111328 0.057617
0 0.625977 0.411133 0.128906 0.082031