5 0.589355 0.526855 0.040039 0.040039
8 0.500488 0.184082 0.059570 0.059570
5 0.926270 0.081543 0.041992 0.041992
9 0.462402 0.925293 0.051758 0.051758
12 0.127930 0.589844 0.039062 0.072266
11 0.511230 0.330078 0.096680 0.066406
12 0.499512 0.418457 0.040039 0.063477
0 0.795898 0.155273 0.169922 0.083984
11 0.575195 0.105469 0.115234 0.050781
0 0.758789 0.625488 0.162109 0.069336
10 0.761230 0.849121 0.045898 0.045898
4 0.588379 0.171387 0.034180 0.034180
12 0.336426 0.338379 0.063477 0.055664
9 0.443359 0.092773 0.046875 0.046875
12 0.177734 0.777344 0.044922 0.058594
12 0.814453 0.373535 0.050781 0.071289
9 0.343262 0.161621 0.043945 0.043945
0 0.605957 0.809082 0.125977 0.063477