5 0.175293 0.908691 0.040039 0.040039
1 0.496094 0.319336 0.105469 0.076172
0 0.305664 0.540039 0.138672 0.082031
1 0.295898 0.156250 0.175781 0.078125
0 0.811523 0.294434 0.146484 0.065430
2 0.731445 0.489258 0.041016 0.041016
0 0.542480 0.095703 0.131836 0.087891
9 0.108887 0.602051 0.040039 0.040039
1 0.809570 0.801270 0.181641 0.055664
8 0.608887 0.920410 0.041992 0.041992
0 0.485352 0.790039 0.152344 0.076172
10 0.616211 0.199219 0.052734 0.052734
8 0.245117 0.314453 0.058594 0.058594
9 0.256348 0.808105 0.049805 0.049805