11 0.486816 0.317871 0.133789 0.073242
12 0.168945 0.413086 0.068359 0.048828
12 0.431641 0.552734 0.046875 0.064453
12 0.407715 0.749512 0.051758 0.067383
12 0.658691 0.528320 0.065430 0.060547
11 0.663086 0.393066 0.101562 0.069336
11 0.285645 0.154785 0.125977 0.055664
8 0.752441 0.899902 0.055664 0.055664
12 0.568848 0.125977 0.049805 0.058594
5 0.403320 0.467773 0.039062 0.039062
0 0.864258 0.648438 0.132812 0.089844
3 0.443848 0.178223 0.040039 0.040039
9 0.081055 0.527344 0.050781 0.050781
0 0.809570 0.532227 0.191406 0.080078
11 0.226562 0.597656 0.117188 0.066406
0 0.490234 0.880859 0.154297 0.093750
12 0.740234 0.805664 0.054688 0.056641