12 0.574707 0.495117 0.041992 0.070312
11 0.268555 0.823242 0.101562 0.052734
0 0.804199 0.347656 0.188477 0.089844
12 0.379395 0.801758 0.057617 0.068359
12 0.720215 0.625488 0.063477 0.077148
0 0.183594 0.473145 0.146484 0.086914
12 0.172363 0.203125 0.055664 0.064453
2 0.563477 0.075195 0.046875 0.046875
0 0.384766 0.400879 0.156250 0.083008
8 0.566895 0.820801 0.055664 0.055664
10 0.619141 0.374023 0.052734 0.052734
12 0.915039 0.902344 0.050781 0.052734
12 0.416992 0.115234 0.062500 0.058594