12 0.297852 0.837402 0.052734 0.057617
9 0.136230 0.666504 0.053711 0.053711
12 0.446777 0.432129 0.059570 0.055664
9 0.233887 0.878418 0.043945 0.043945
8 0.372070 0.258789 0.062500 0.062500
10 0.425293 0.613770 0.057617 0.057617
12 0.648438 0.181641 0.066406 0.062500
12 0.553711 0.191406 0.048828 0.062500
0 0.861816 0.361816 0.124023 0.092773
5 0.540527 0.517090 0.047852 0.047852
0 0.891113 0.166016 0.120117 0.083984
9 0.154785 0.463379 0.053711 0.053711
0 0.520508 0.345215 0.148438 0.075195
9 0.229004 0.687012 0.057617 0.057617
12 0.468750 0.730957 0.052734 0.073242
0 0.850586 0.898926 0.148438 0.090820
8 0.502441 0.909668 0.057617 0.057617