1 0.417969 0.716797 0.185547 0.062500
1 0.346680 0.830566 0.175781 0.065430
6 0.201172 0.817383 0.033203 0.033203
1 0.722656 0.118164 0.171875 0.076172
0 0.325195 0.157227 0.130859 0.058594
3 0.261719 0.532227 0.031250 0.031250
1 0.831055 0.309082 0.123047 0.065430
8 0.136230 0.873535 0.051758 0.051758
6 0.289062 0.904297 0.037109 0.037109
8 0.800293 0.853027 0.049805 0.049805
9 0.173340 0.090332 0.041992 0.041992
0 0.377930 0.465820 0.121094 0.078125
1 0.867188 0.423340 0.164062 0.051758
8 0.365723 0.595215 0.043945 0.043945