3 0.198242 0.615234 0.044922 0.044922
12 0.229980 0.353516 0.067383 0.070312
11 0.770508 0.473145 0.146484 0.061523
0 0.627441 0.323242 0.125977 0.091797
11 0.565430 0.445801 0.113281 0.063477
11 0.425781 0.345703 0.097656 0.050781
10 0.506836 0.525391 0.056641 0.056641
0 0.231445 0.784668 0.146484 0.096680
8 0.765137 0.689941 0.051758 0.051758
0 0.747070 0.875000 0.152344 0.097656
0 0.311523 0.103516 0.158203 0.072266
11 0.821289 0.150391 0.152344 0.054688
5 0.629883 0.829102 0.044922 0.044922
8 0.382324 0.845215 0.045898 0.045898
6 0.371582 0.214355 0.041992 0.041992
5 0.872559 0.604980 0.053711 0.053711