0 0.595215 0.780273 0.137695 0.089844
11 0.440918 0.912598 0.137695 0.071289
7 0.328613 0.366699 0.045898 0.045898
12 0.204102 0.641602 0.050781 0.076172
12 0.220215 0.341797 0.057617 0.078125
0 0.485352 0.218262 0.117188 0.059570
0 0.766602 0.747559 0.126953 0.073242
12 0.178711 0.488770 0.046875 0.053711
8 0.579102 0.450195 0.046875 0.046875
7 0.625488 0.601074 0.051758 0.051758
0 0.605957 0.347656 0.186523 0.078125
0 0.198730 0.103027 0.163086 0.071289
0 0.523926 0.122070 0.122070 0.087891
0 0.773438 0.251465 0.183594 0.063477
12 0.654297 0.462891 0.052734 0.068359
4 0.104004 0.790527 0.051758 0.051758