12 0.353516 0.737793 0.050781 0.073242
12 0.609863 0.477539 0.063477 0.048828
11 0.139160 0.501465 0.141602 0.067383
0 0.562012 0.799805 0.122070 0.085938
3 0.492676 0.885254 0.043945 0.043945
11 0.691406 0.656250 0.125000 0.066406
11 0.333496 0.477539 0.096680 0.056641
12 0.583496 0.089844 0.051758 0.066406
3 0.895508 0.310547 0.042969 0.042969
12 0.477051 0.157227 0.067383 0.068359
8 0.540039 0.630859 0.050781 0.050781
3 0.324707 0.548340 0.041992 0.041992
6 0.778320 0.440430 0.042969 0.042969
11 0.585449 0.280273 0.149414 0.070312
11 0.488770 0.700684 0.145508 0.049805