10 0.470215 0.147949 0.051758 0.051758
12 0.330566 0.684082 0.053711 0.061523
0 0.271484 0.375488 0.193359 0.075195
12 0.664551 0.754883 0.055664 0.068359
0 0.819336 0.439941 0.193359 0.061523
11 0.232910 0.136230 0.127930 0.061523
9 0.237793 0.685059 0.059570 0.059570
0 0.304199 0.535645 0.165039 0.075195
9 0.175293 0.858887 0.057617 0.057617
11 0.471191 0.497070 0.110352 0.074219
9 0.246582 0.220215 0.051758 0.051758
9 0.086426 0.649902 0.061523 0.061523
11 0.778320 0.302246 0.138672 0.055664
7 0.598633 0.215820 0.042969 0.042969
9 0.399414 0.278320 0.060547 0.060547
11 0.296875 0.784668 0.152344 0.051758