12 0.361816 0.760742 0.065430 0.070312
9 0.897949 0.561035 0.059570 0.059570
5 0.536133 0.223633 0.035156 0.035156
9 0.648926 0.277832 0.059570 0.059570
7 0.636719 0.803711 0.035156 0.035156
0 0.609375 0.426758 0.189453 0.097656
12 0.827637 0.809570 0.043945 0.070312
12 0.466309 0.261719 0.045898 0.076172
11 0.382324 0.383789 0.124023 0.060547
7 0.604492 0.103516 0.037109 0.037109
11 0.426270 0.530762 0.151367 0.049805
6 0.723633 0.321289 0.039062 0.039062
0 0.109375 0.499023 0.119141 0.097656
10 0.447266 0.822266 0.044922 0.044922
10 0.635254 0.571777 0.059570 0.059570
10 0.354492 0.888672 0.046875 0.046875