2 0.934082 0.504395 0.030273 0.030273
0 0.167480 0.812500 0.141602 0.085938
6 0.641602 0.702148 0.033203 0.033203
4 0.441895 0.380371 0.034180 0.034180
0 0.668457 0.432617 0.135742 0.058594
1 0.452637 0.677734 0.178711 0.050781
8 0.140137 0.485840 0.043945 0.043945
6 0.885254 0.394043 0.040039 0.040039
0 0.599609 0.578125 0.166016 0.072266
1 0.671875 0.186523 0.183594 0.068359
0 0.396973 0.505859 0.151367 0.078125
5 0.359863 0.269043 0.047852 0.047852
8 0.254395 0.202637 0.055664 0.055664
0 0.774414 0.279785 0.156250 0.077148