11 0.487793 0.690430 0.125977 0.052734
2 0.802734 0.089844 0.052734 0.052734
7 0.317871 0.786621 0.049805 0.049805
0 0.137695 0.245605 0.166016 0.069336
9 0.357422 0.679688 0.046875 0.046875
7 0.919434 0.588379 0.051758 0.051758
0 0.828125 0.868652 0.138672 0.077148
6 0.265137 0.606934 0.038086 0.038086
12 0.510254 0.098145 0.063477 0.049805
12 0.811523 0.712891 0.064453 0.054688
3 0.490723 0.406738 0.034180 0.034180
6 0.591309 0.920410 0.051758 0.051758
12 0.097656 0.721191 0.066406 0.057617
12 0.664062 0.808105 0.044922 0.071289