9 0.570801 0.775879 0.063477 0.063477
0 0.775879 0.251465 0.145508 0.063477
12 0.782715 0.421875 0.045898 0.054688
6 0.291504 0.312012 0.047852 0.047852
12 0.124023 0.756836 0.064453 0.070312
10 0.903320 0.210938 0.056641 0.056641
3 0.344238 0.922363 0.053711 0.053711
4 0.702148 0.565430 0.048828 0.048828
12 0.261719 0.789062 0.056641 0.062500
11 0.496094 0.579102 0.156250 0.052734
11 0.273926 0.182129 0.088867 0.061523
2 0.751465 0.809082 0.038086 0.038086
0 0.414062 0.449707 0.195312 0.065430
9 0.760742 0.490234 0.046875 0.046875
12 0.075684 0.503906 0.051758 0.058594