9 0.384766 0.695312 0.044922 0.044922
12 0.094727 0.294434 0.044922 0.075195
12 0.088867 0.388672 0.062500 0.068359
12 0.204590 0.298828 0.041992 0.076172
11 0.420898 0.892578 0.130859 0.066406
2 0.225098 0.588379 0.049805 0.049805
0 0.500977 0.127441 0.128906 0.084961
9 0.374023 0.547852 0.050781 0.050781
12 0.129883 0.869141 0.044922 0.072266
12 0.305664 0.660645 0.064453 0.061523
11 0.549805 0.698242 0.140625 0.066406
0 0.594238 0.484375 0.120117 0.058594
9 0.479980 0.313965 0.057617 0.057617
11 0.458984 0.234375 0.130859 0.060547
3 0.902344 0.645508 0.037109 0.037109
0 0.685547 0.293457 0.169922 0.090820
11 0.333984 0.334961 0.154297 0.076172
11 0.799805 0.919434 0.150391 0.049805