0 0.593262 0.210938 0.125977 0.093750
4 0.568848 0.785645 0.040039 0.040039
0 0.697754 0.542969 0.129883 0.076172
11 0.792969 0.428223 0.154297 0.073242
12 0.233398 0.599609 0.044922 0.076172
11 0.368164 0.778320 0.148438 0.074219
12 0.773438 0.212891 0.039062 0.072266
9 0.298828 0.907227 0.056641 0.056641
0 0.835449 0.812500 0.151367 0.060547
11 0.219727 0.189453 0.142578 0.072266
0 0.535645 0.623047 0.129883 0.097656
0 0.168457 0.293457 0.122070 0.081055
6 0.127930 0.560547 0.048828 0.048828
4 0.117188 0.098633 0.044922 0.044922
9 0.215332 0.487793 0.057617 0.057617
12 0.246582 0.832520 0.057617 0.057617
11 0.854492 0.704102 0.150391 0.054688
6 0.703125 0.344727 0.046875 0.046875