11 0.525879 0.762695 0.131836 0.064453
3 0.923340 0.277832 0.036133 0.036133
11 0.578125 0.487793 0.138672 0.075195
8 0.200195 0.461914 0.050781 0.050781
11 0.628418 0.645020 0.118164 0.057617
7 0.828125 0.370117 0.035156 0.035156
4 0.797852 0.486328 0.037109 0.037109
0 0.342285 0.477539 0.149414 0.095703
6 0.655762 0.850098 0.043945 0.043945
11 0.180664 0.132812 0.126953 0.066406
12 0.256348 0.907227 0.051758 0.064453
12 0.776367 0.226074 0.048828 0.075195
0 0.408203 0.299316 0.146484 0.079102
0 0.542969 0.083008 0.117188 0.062500