1 0.536133 0.252441 0.130859 0.069336
7 0.206055 0.665039 0.037109 0.037109
1 0.235840 0.309570 0.172852 0.060547
10 0.259766 0.804688 0.044922 0.044922
0 0.750000 0.683594 0.164062 0.054688
4 0.676270 0.146973 0.030273 0.030273
9 0.672363 0.923340 0.055664 0.055664
9 0.244141 0.447266 0.050781 0.050781
7 0.588867 0.529297 0.044922 0.044922
1 0.316406 0.539062 0.177734 0.052734
5 0.844727 0.215820 0.041016 0.041016
7 0.153320 0.486328 0.037109 0.037109
1 0.548340 0.631348 0.155273 0.067383
1 0.372070 0.097656 0.148438 0.074219