4 0.931152 0.693848 0.036133 0.036133
9 0.206543 0.098145 0.049805 0.049805
0 0.413574 0.313477 0.172852 0.089844
12 0.307617 0.657715 0.066406 0.059570
9 0.524902 0.435059 0.061523 0.061523
12 0.787109 0.837891 0.064453 0.064453
7 0.390625 0.767578 0.039062 0.039062
0 0.567871 0.841309 0.131836 0.081055
4 0.157715 0.846191 0.049805 0.049805
7 0.168457 0.667480 0.036133 0.036133
0 0.694336 0.508301 0.185547 0.063477
5 0.916504 0.819824 0.053711 0.053711
9 0.306641 0.561523 0.046875 0.046875
11 0.416504 0.639160 0.104492 0.053711
8 0.690918 0.124512 0.045898 0.045898
10 0.093262 0.804199 0.047852 0.047852
12 0.901367 0.200195 0.052734 0.078125
12 0.095703 0.144531 0.044922 0.062500