0 0.306641 0.302246 0.134766 0.053711
6 0.512695 0.475586 0.037109 0.037109
3 0.108398 0.496094 0.039062 0.039062
5 0.565918 0.912598 0.034180 0.034180
1 0.834473 0.522461 0.159180 0.076172
6 0.794922 0.356445 0.048828 0.048828
1 0.150879 0.738281 0.137695 0.064453
3 0.073242 0.628906 0.041016 0.041016
2 0.860352 0.876953 0.042969 0.042969
8 0.356934 0.793457 0.047852 0.047852
7 0.826660 0.807129 0.040039 0.040039
9 0.698242 0.307617 0.039062 0.039062
3 0.654297 0.378906 0.046875 0.046875
0 0.857910 0.147949 0.124023 0.084961
1 0.618652 0.154785 0.170898 0.051758