0 0.320801 0.618652 0.139648 0.073242
0 0.287109 0.398926 0.125000 0.063477
12 0.452148 0.352539 0.058594 0.054688
8 0.760742 0.640625 0.056641 0.056641
0 0.648926 0.416016 0.161133 0.074219
0 0.204590 0.736816 0.157227 0.069336
7 0.913574 0.453613 0.047852 0.047852
8 0.486816 0.834473 0.045898 0.045898
12 0.083984 0.243164 0.058594 0.062500
0 0.676270 0.240234 0.188477 0.095703
9 0.496094 0.192383 0.054688 0.054688
6 0.356445 0.306641 0.050781 0.050781
0 0.352051 0.094238 0.118164 0.081055
11 0.543945 0.538086 0.130859 0.062500
2 0.124023 0.902344 0.035156 0.035156