6 0.300293 0.425293 0.038086 0.038086
9 0.196289 0.918945 0.058594 0.058594
0 0.261719 0.348145 0.156250 0.059570
0 0.475098 0.836914 0.159180 0.054688
10 0.481445 0.538086 0.050781 0.050781
8 0.129883 0.295898 0.044922 0.044922
1 0.231934 0.149902 0.143555 0.061523
9 0.104980 0.883301 0.057617 0.057617
1 0.603516 0.361816 0.158203 0.075195
10 0.407227 0.666992 0.039062 0.039062
1 0.725586 0.558594 0.162109 0.076172
0 0.327148 0.249512 0.146484 0.063477
10 0.445801 0.194824 0.043945 0.043945
7 0.396484 0.102539 0.046875 0.046875