1 0.865723 0.768066 0.163086 0.059570
1 0.403809 0.700684 0.102539 0.049805
0 0.667969 0.333984 0.169922 0.052734
4 0.861816 0.466309 0.043945 0.043945
0 0.291992 0.473145 0.158203 0.079102
1 0.699707 0.211426 0.106445 0.073242
0 0.195801 0.689941 0.153320 0.077148
4 0.371094 0.904297 0.048828 0.048828
1 0.443359 0.510742 0.103516 0.050781
0 0.186035 0.349121 0.151367 0.081055
0 0.717285 0.083496 0.151367 0.061523
4 0.339844 0.232422 0.031250 0.031250
8 0.742676 0.887207 0.047852 0.047852
10 0.221680 0.084961 0.042969 0.042969