11 0.536133 0.312988 0.134766 0.071289
11 0.345703 0.750000 0.136719 0.062500
0 0.173828 0.498535 0.158203 0.071289
11 0.695801 0.587891 0.124023 0.068359
11 0.159180 0.843262 0.105469 0.053711
12 0.096680 0.612793 0.058594 0.049805
12 0.316895 0.634277 0.047852 0.073242
0 0.482910 0.129395 0.124023 0.077148
11 0.776367 0.803711 0.156250 0.060547
11 0.184570 0.324707 0.103516 0.069336
11 0.727539 0.128418 0.111328 0.069336
6 0.566895 0.608887 0.041992 0.041992
0 0.379395 0.435059 0.161133 0.075195
11 0.747070 0.696777 0.125000 0.069336
10 0.604004 0.896973 0.057617 0.057617
12 0.446777 0.590820 0.057617 0.076172
11 0.805176 0.404297 0.127930 0.066406
0 0.395996 0.834961 0.141602 0.072266