5 0.887207 0.655762 0.045898 0.045898
2 0.208496 0.271973 0.047852 0.047852
11 0.480469 0.739258 0.150391 0.072266
12 0.492188 0.383789 0.052734 0.066406
12 0.877930 0.483887 0.042969 0.053711
12 0.741699 0.742676 0.065430 0.059570
0 0.712402 0.251953 0.190430 0.060547
10 0.398438 0.159180 0.052734 0.052734
0 0.251953 0.731934 0.150391 0.094727
9 0.141113 0.294434 0.055664 0.055664
9 0.257812 0.880859 0.048828 0.048828
11 0.625488 0.532227 0.090820 0.052734
11 0.799316 0.646973 0.096680 0.063477
8 0.646484 0.877930 0.050781 0.050781