9 0.586914 0.076172 0.052734 0.052734
0 0.308594 0.849609 0.148438 0.060547
0 0.648438 0.885254 0.132812 0.094727
0 0.418945 0.577148 0.169922 0.085938
3 0.465332 0.280762 0.038086 0.038086
7 0.262695 0.166992 0.044922 0.044922
0 0.517090 0.453613 0.137695 0.096680
10 0.682617 0.621094 0.056641 0.056641
3 0.726074 0.075684 0.038086 0.038086
12 0.097656 0.645508 0.046875 0.068359
0 0.589355 0.327637 0.174805 0.063477
3 0.342285 0.684082 0.043945 0.043945
8 0.167969 0.396484 0.044922 0.044922
0 0.843262 0.325684 0.131836 0.075195
11 0.751465 0.164062 0.151367 0.066406
5 0.097168 0.270996 0.049805 0.049805
11 0.788086 0.488770 0.144531 0.061523