12 0.806152 0.565918 0.053711 0.071289
9 0.124512 0.785645 0.045898 0.045898
11 0.549316 0.692383 0.153320 0.078125
10 0.456055 0.336914 0.060547 0.060547
0 0.835938 0.775391 0.134766 0.078125
9 0.710938 0.140625 0.046875 0.046875
9 0.170898 0.526367 0.062500 0.062500
9 0.674316 0.634277 0.061523 0.061523
8 0.559082 0.347168 0.063477 0.063477
11 0.235352 0.186523 0.099609 0.066406
11 0.506836 0.823730 0.101562 0.075195
11 0.459473 0.114746 0.102539 0.075195
10 0.868164 0.392578 0.062500 0.062500
11 0.500977 0.552734 0.103516 0.072266
11 0.138672 0.601074 0.132812 0.051758
6 0.567383 0.117188 0.052734 0.052734