6 0.927246 0.117676 0.045898 0.045898
4 0.728027 0.590332 0.038086 0.038086
12 0.145508 0.766602 0.041016 0.064453
10 0.567871 0.558105 0.047852 0.047852
2 0.141602 0.083008 0.039062 0.039062
9 0.229004 0.573730 0.045898 0.045898
6 0.462891 0.735352 0.039062 0.039062
11 0.608398 0.440918 0.111328 0.051758
12 0.709473 0.754395 0.063477 0.065430
11 0.658691 0.327637 0.094727 0.049805
11 0.792969 0.445801 0.123047 0.077148
2 0.309082 0.826660 0.049805 0.049805
11 0.448242 0.429688 0.089844 0.070312
12 0.563477 0.672363 0.060547 0.061523