12 0.163086 0.589844 0.044922 0.058594
12 0.269043 0.365234 0.051758 0.072266
11 0.569824 0.346680 0.112305 0.060547
11 0.143066 0.414551 0.127930 0.067383
0 0.859863 0.872070 0.159180 0.089844
11 0.582520 0.775879 0.149414 0.059570
6 0.417969 0.757812 0.037109 0.037109
5 0.881836 0.212891 0.037109 0.037109
9 0.791992 0.652344 0.058594 0.058594
0 0.510254 0.137207 0.122070 0.071289
12 0.815918 0.121582 0.047852 0.069336
0 0.154785 0.709961 0.151367 0.095703
0 0.721680 0.465820 0.167969 0.082031
12 0.446289 0.369629 0.044922 0.077148
9 0.538086 0.261719 0.050781 0.050781