11 0.324219 0.431152 0.156250 0.063477
12 0.442383 0.249023 0.050781 0.058594
0 0.287109 0.240723 0.181641 0.079102
11 0.620117 0.712402 0.089844 0.051758
9 0.269043 0.896973 0.049805 0.049805
10 0.835449 0.441895 0.053711 0.053711
0 0.808594 0.131348 0.195312 0.083008
6 0.187012 0.907715 0.045898 0.045898
12 0.907715 0.763184 0.040039 0.051758
8 0.391113 0.699707 0.043945 0.043945
12 0.671387 0.600586 0.059570 0.052734
0 0.387695 0.549316 0.156250 0.073242
0 0.176270 0.708008 0.153320 0.097656
12 0.303223 0.678711 0.040039 0.052734
9 0.237793 0.107910 0.051758 0.051758