10 0.886719 0.579102 0.056641 0.056641
10 0.819824 0.837402 0.047852 0.047852
12 0.498535 0.764160 0.057617 0.053711
7 0.852051 0.677246 0.053711 0.053711
9 0.179199 0.838379 0.049805 0.049805
11 0.247559 0.470703 0.137695 0.058594
11 0.493652 0.166016 0.127930 0.048828
12 0.685547 0.187500 0.046875 0.048828
12 0.787109 0.709473 0.039062 0.071289
11 0.663574 0.334961 0.131836 0.070312
11 0.254395 0.557617 0.153320 0.058594
7 0.925293 0.452637 0.038086 0.038086
4 0.608398 0.125000 0.050781 0.050781
7 0.188477 0.648438 0.050781 0.050781