11 0.866699 0.511719 0.092773 0.068359
5 0.653320 0.771484 0.050781 0.050781
0 0.534180 0.295898 0.119141 0.064453
11 0.316406 0.746094 0.105469 0.078125
4 0.274414 0.569336 0.046875 0.046875
11 0.789551 0.253906 0.155273 0.076172
8 0.509766 0.205078 0.058594 0.058594
9 0.767090 0.821777 0.057617 0.057617
9 0.454102 0.480469 0.046875 0.046875
9 0.172852 0.169922 0.050781 0.050781
11 0.445801 0.782715 0.112305 0.069336
0 0.145996 0.876465 0.176758 0.090820
3 0.212402 0.536621 0.034180 0.034180
9 0.361816 0.560059 0.059570 0.059570
8 0.568848 0.611816 0.057617 0.057617
12 0.467773 0.128418 0.064453 0.057617