1 0.408203 0.755371 0.185547 0.075195
10 0.278809 0.869629 0.057617 0.057617
10 0.869141 0.219727 0.039062 0.039062
4 0.587402 0.171387 0.043945 0.043945
0 0.191406 0.289062 0.125000 0.072266
1 0.240723 0.480469 0.114258 0.068359
2 0.742188 0.680664 0.029297 0.029297
1 0.411621 0.261719 0.170898 0.050781
0 0.787598 0.104980 0.108398 0.059570
3 0.644531 0.102539 0.044922 0.044922
5 0.106445 0.740234 0.044922 0.044922
3 0.201660 0.894043 0.036133 0.036133
2 0.628418 0.878418 0.038086 0.038086
3 0.556152 0.435059 0.034180 0.034180