3 0.886719 0.757812 0.052734 0.052734
8 0.873535 0.916504 0.043945 0.043945
2 0.266602 0.520508 0.052734 0.052734
0 0.255371 0.330078 0.190430 0.068359
0 0.642578 0.276367 0.171875 0.087891
4 0.616211 0.675781 0.048828 0.048828
11 0.871582 0.114258 0.149414 0.060547
4 0.372070 0.071289 0.037109 0.037109
11 0.218262 0.811035 0.153320 0.077148
11 0.762207 0.661621 0.131836 0.069336
0 0.565918 0.134766 0.163086 0.089844
11 0.383301 0.424805 0.118164 0.048828
0 0.677246 0.434082 0.135742 0.061523
2 0.697266 0.823242 0.039062 0.039062
11 0.858398 0.254395 0.123047 0.075195
8 0.496582 0.917480 0.049805 0.049805
4 0.825684 0.534668 0.045898 0.045898
2 0.565918 0.823730 0.051758 0.051758