8 0.560059 0.895020 0.049805 0.049805
5 0.294922 0.515625 0.029297 0.029297
10 0.553711 0.672852 0.058594 0.058594
8 0.129395 0.496582 0.053711 0.053711
0 0.262695 0.873535 0.105469 0.061523
0 0.556641 0.386230 0.126953 0.086914
0 0.858887 0.739258 0.118164 0.078125
8 0.094238 0.827637 0.049805 0.049805
9 0.092773 0.309570 0.042969 0.042969
9 0.115723 0.075684 0.051758 0.051758
7 0.353516 0.203125 0.041016 0.041016
10 0.679688 0.167969 0.044922 0.044922
0 0.414551 0.426758 0.100586 0.062500
7 0.219727 0.804688 0.033203 0.033203