8 0.567871 0.180176 0.047852 0.047852
4 0.786133 0.368164 0.041016 0.041016
2 0.123535 0.366699 0.053711 0.053711
3 0.760254 0.646973 0.045898 0.045898
9 0.531738 0.695801 0.051758 0.051758
2 0.422852 0.570312 0.039062 0.039062
6 0.545898 0.546875 0.052734 0.052734
0 0.832031 0.555664 0.160156 0.062500
11 0.566406 0.299316 0.148438 0.073242
11 0.319336 0.280273 0.126953 0.066406
9 0.785645 0.740723 0.057617 0.057617
11 0.294922 0.721680 0.130859 0.048828
0 0.706543 0.136230 0.153320 0.090820
0 0.484863 0.436523 0.180664 0.097656
10 0.232422 0.192383 0.052734 0.052734
0 0.272949 0.583496 0.180664 0.063477
11 0.128906 0.791016 0.111328 0.076172
3 0.099121 0.177246 0.038086 0.038086