8 0.889160 0.270020 0.049805 0.049805
12 0.392578 0.101074 0.048828 0.057617
3 0.753418 0.130371 0.045898 0.045898
11 0.549316 0.163086 0.122070 0.064453
0 0.401855 0.458008 0.127930 0.062500
10 0.680176 0.740723 0.053711 0.053711
0 0.629883 0.517578 0.171875 0.074219
0 0.763672 0.346680 0.191406 0.070312
6 0.693359 0.091797 0.035156 0.035156
11 0.372559 0.654297 0.125977 0.060547
2 0.310059 0.357910 0.049805 0.049805
5 0.469727 0.248047 0.052734 0.052734
3 0.083984 0.401367 0.035156 0.035156
7 0.336426 0.814941 0.043945 0.043945
12 0.911133 0.867676 0.046875 0.061523
0 0.684570 0.847168 0.136719 0.096680
11 0.305176 0.246094 0.155273 0.070312