1 0.542969 0.207031 0.099609 0.056641
10 0.622070 0.657227 0.041016 0.041016
10 0.790527 0.194824 0.055664 0.055664
0 0.656250 0.543457 0.105469 0.063477
2 0.104980 0.787598 0.045898 0.045898
9 0.767578 0.385742 0.056641 0.056641
10 0.157227 0.162109 0.054688 0.054688
0 0.313477 0.202148 0.134766 0.078125
0 0.373047 0.478516 0.146484 0.060547
10 0.082520 0.197754 0.053711 0.053711
1 0.209961 0.652344 0.179688 0.068359
5 0.918945 0.812500 0.033203 0.033203
0 0.648926 0.107910 0.135742 0.075195
0 0.641113 0.836914 0.151367 0.070312