8 0.479980 0.268066 0.063477 0.063477
0 0.127930 0.448242 0.132812 0.064453
0 0.396973 0.772461 0.182617 0.066406
4 0.219238 0.326660 0.043945 0.043945
6 0.895020 0.167480 0.049805 0.049805
12 0.499512 0.894531 0.040039 0.062500
12 0.151855 0.631836 0.059570 0.058594
0 0.483887 0.550781 0.149414 0.070312
10 0.863770 0.621582 0.049805 0.049805
10 0.292480 0.858887 0.053711 0.053711
0 0.619629 0.186035 0.143555 0.077148
0 0.694824 0.585938 0.180664 0.087891
11 0.631348 0.783691 0.096680 0.051758
11 0.220215 0.203125 0.100586 0.048828
0 0.781250 0.083984 0.181641 0.068359