0 0.606934 0.111328 0.159180 0.097656
2 0.100098 0.372559 0.051758 0.051758
12 0.474121 0.253906 0.059570 0.050781
12 0.276855 0.497559 0.061523 0.067383
0 0.445801 0.855469 0.131836 0.066406
3 0.350098 0.479004 0.045898 0.045898
0 0.307617 0.729980 0.195312 0.086914
12 0.126953 0.895020 0.042969 0.077148
0 0.744141 0.729980 0.150391 0.081055
12 0.489746 0.641113 0.045898 0.059570
11 0.871582 0.878906 0.147461 0.062500
10 0.320312 0.125977 0.044922 0.044922
3 0.621094 0.871094 0.044922 0.044922
11 0.291016 0.837891 0.107422 0.056641
0 0.426270 0.379395 0.182617 0.084961
9 0.603027 0.620605 0.043945 0.043945
10 0.892578 0.426758 0.062500 0.062500