10 0.862793 0.366699 0.047852 0.047852
0 0.384277 0.598145 0.125977 0.057617
10 0.255371 0.856934 0.049805 0.049805
1 0.581543 0.479004 0.186523 0.061523
6 0.322266 0.510742 0.031250 0.031250
8 0.484375 0.907227 0.052734 0.052734
1 0.657227 0.605469 0.175781 0.062500
1 0.834473 0.794922 0.163086 0.056641
10 0.198242 0.151367 0.044922 0.044922
1 0.304688 0.222656 0.158203 0.056641
9 0.524902 0.680176 0.047852 0.047852
9 0.653320 0.151367 0.041016 0.041016
0 0.757812 0.482910 0.105469 0.069336
2 0.116211 0.373047 0.044922 0.044922