0 0.787598 0.364746 0.176758 0.090820
12 0.720215 0.458496 0.051758 0.065430
11 0.331055 0.095703 0.140625 0.060547
12 0.777344 0.801270 0.048828 0.055664
0 0.437988 0.689941 0.182617 0.092773
0 0.743164 0.646973 0.132812 0.073242
9 0.398926 0.332520 0.047852 0.047852
12 0.106934 0.457031 0.059570 0.066406
11 0.399414 0.460938 0.121094 0.060547
11 0.107422 0.765137 0.117188 0.069336
3 0.918945 0.762695 0.048828 0.048828
11 0.269043 0.683594 0.124023 0.062500
9 0.346680 0.810547 0.054688 0.054688
3 0.490723 0.269043 0.043945 0.043945