11 0.556641 0.731445 0.136719 0.072266
4 0.331543 0.578613 0.049805 0.049805
8 0.874512 0.361816 0.057617 0.057617
0 0.123535 0.903320 0.131836 0.093750
11 0.108887 0.129395 0.098633 0.057617
0 0.739746 0.442871 0.153320 0.071289
12 0.088379 0.268555 0.047852 0.056641
8 0.350586 0.505859 0.056641 0.056641
9 0.138184 0.712402 0.057617 0.057617
6 0.226562 0.174805 0.044922 0.044922
0 0.506348 0.413574 0.170898 0.063477
9 0.520996 0.514160 0.059570 0.059570
5 0.439941 0.334473 0.045898 0.045898
0 0.187988 0.467285 0.166992 0.096680
9 0.829590 0.758301 0.045898 0.045898
11 0.761230 0.570801 0.112305 0.077148
0 0.788574 0.893066 0.180664 0.094727