11 0.857422 0.457520 0.101562 0.069336
11 0.554199 0.293945 0.108398 0.048828
8 0.341309 0.558105 0.053711 0.053711
12 0.476074 0.790039 0.045898 0.070312
4 0.096680 0.451172 0.046875 0.046875
0 0.862793 0.560547 0.137695 0.070312
3 0.314453 0.333984 0.037109 0.037109
12 0.241699 0.325684 0.057617 0.077148
11 0.889160 0.886230 0.118164 0.063477
0 0.293945 0.724609 0.193359 0.087891
12 0.366699 0.427246 0.061523 0.071289
11 0.725586 0.236328 0.134766 0.050781
12 0.113281 0.520020 0.046875 0.055664
2 0.927246 0.140137 0.047852 0.047852
11 0.689453 0.145996 0.093750 0.069336
3 0.675293 0.876465 0.045898 0.045898
8 0.844238 0.715332 0.059570 0.059570
2 0.124512 0.853027 0.047852 0.047852