2 0.752930 0.460938 0.039062 0.039062
0 0.165527 0.263672 0.182617 0.070312
11 0.475586 0.663574 0.121094 0.067383
12 0.652344 0.143066 0.052734 0.049805
0 0.137207 0.789062 0.120117 0.097656
11 0.171875 0.564941 0.087891 0.053711
8 0.349609 0.695312 0.062500 0.062500
12 0.643066 0.824707 0.051758 0.057617
8 0.457520 0.559082 0.047852 0.047852
0 0.829590 0.752441 0.147461 0.071289
0 0.244629 0.897461 0.178711 0.070312
9 0.898926 0.087402 0.059570 0.059570
5 0.530762 0.241699 0.051758 0.051758
3 0.667969 0.592773 0.037109 0.037109
12 0.356445 0.540527 0.050781 0.057617
9 0.797363 0.576660 0.059570 0.059570
12 0.396484 0.397949 0.064453 0.059570