1 0.199219 0.586426 0.187500 0.071289
0 0.208984 0.867676 0.132812 0.055664
0 0.537598 0.508301 0.161133 0.055664
3 0.667480 0.757324 0.036133 0.036133
6 0.435547 0.756836 0.035156 0.035156
4 0.075195 0.708008 0.046875 0.046875
9 0.754883 0.593750 0.039062 0.039062
0 0.878906 0.124512 0.105469 0.075195
4 0.728516 0.095703 0.041016 0.041016
1 0.417480 0.829590 0.180664 0.069336
8 0.634766 0.856445 0.058594 0.058594
0 0.475098 0.128906 0.145508 0.062500
0 0.759766 0.466797 0.136719 0.064453
0 0.158691 0.087402 0.145508 0.067383