9 0.447266 0.128906 0.050781 0.050781
0 0.396973 0.556641 0.170898 0.093750
12 0.643066 0.881348 0.047852 0.067383
12 0.403320 0.908203 0.062500 0.060547
12 0.264160 0.123047 0.049805 0.066406
9 0.867188 0.453125 0.056641 0.056641
3 0.784668 0.181152 0.036133 0.036133
5 0.469727 0.828125 0.052734 0.052734
7 0.752441 0.844238 0.041992 0.041992
11 0.666016 0.416992 0.132812 0.078125
4 0.222168 0.304199 0.040039 0.040039
5 0.759277 0.312988 0.051758 0.051758
7 0.512695 0.351562 0.044922 0.044922
11 0.405273 0.407227 0.132812 0.064453
11 0.243652 0.213379 0.096680 0.071289
0 0.644531 0.542969 0.183594 0.074219
9 0.191895 0.124512 0.057617 0.057617