3 0.260742 0.762695 0.046875 0.046875
0 0.562012 0.514648 0.159180 0.060547
11 0.732910 0.916992 0.129883 0.056641
11 0.510254 0.102051 0.090820 0.075195
11 0.866699 0.459961 0.151367 0.062500
12 0.703125 0.599609 0.046875 0.064453
12 0.110352 0.265625 0.056641 0.052734
11 0.237305 0.193848 0.119141 0.073242
0 0.517090 0.670410 0.155273 0.063477
11 0.717773 0.406738 0.097656 0.057617
12 0.149902 0.624512 0.057617 0.065430
3 0.687012 0.702637 0.034180 0.034180
10 0.141602 0.512695 0.062500 0.062500
11 0.256348 0.358887 0.104492 0.069336
0 0.801758 0.317871 0.140625 0.075195
0 0.486816 0.798828 0.124023 0.083984
8 0.121582 0.157715 0.055664 0.055664
0 0.701172 0.169434 0.191406 0.096680