10 0.197266 0.599609 0.046875 0.046875
11 0.457520 0.487793 0.135742 0.049805
12 0.416016 0.728516 0.046875 0.068359
0 0.759277 0.131348 0.133789 0.090820
0 0.847656 0.703125 0.179688 0.087891
0 0.624023 0.912598 0.148438 0.065430
7 0.552734 0.262695 0.046875 0.046875
5 0.801758 0.602539 0.048828 0.048828
5 0.262207 0.919434 0.040039 0.040039
10 0.726562 0.444336 0.050781 0.050781
10 0.509766 0.568359 0.062500 0.062500
12 0.860840 0.485840 0.041992 0.053711
0 0.823730 0.896484 0.180664 0.089844
0 0.525391 0.097656 0.134766 0.078125
11 0.303711 0.581543 0.097656 0.055664