11 0.755371 0.315430 0.129883 0.070312
8 0.565918 0.265137 0.051758 0.051758
12 0.792480 0.093262 0.045898 0.057617
3 0.690430 0.897461 0.041016 0.041016
2 0.100586 0.125977 0.052734 0.052734
11 0.261230 0.317383 0.102539 0.056641
0 0.650879 0.543457 0.180664 0.092773
0 0.421387 0.543945 0.184570 0.095703
12 0.773438 0.193359 0.050781 0.076172
6 0.829102 0.456055 0.039062 0.039062
11 0.274414 0.857910 0.154297 0.053711
5 0.797363 0.875488 0.036133 0.036133
9 0.910645 0.616699 0.055664 0.055664
0 0.382324 0.765137 0.163086 0.079102
7 0.928223 0.519043 0.034180 0.034180