7 0.903320 0.844727 0.042969 0.042969
0 0.315430 0.523438 0.166016 0.078125
1 0.611816 0.715332 0.174805 0.071289
10 0.770996 0.286621 0.053711 0.053711
8 0.862305 0.449219 0.048828 0.048828
1 0.807617 0.169434 0.128906 0.069336
8 0.227539 0.253906 0.046875 0.046875
0 0.651367 0.615234 0.164062 0.072266
0 0.624023 0.852051 0.097656 0.086914
4 0.224609 0.814453 0.044922 0.044922
1 0.445312 0.306641 0.166016 0.050781
0 0.142578 0.647461 0.128906 0.052734
1 0.801758 0.740723 0.101562 0.059570
0 0.352051 0.721191 0.122070 0.049805