11 0.358887 0.261230 0.104492 0.061523
4 0.701660 0.637207 0.047852 0.047852
12 0.323242 0.897949 0.058594 0.057617
12 0.142578 0.526367 0.062500 0.074219
8 0.378906 0.484375 0.060547 0.060547
10 0.295898 0.773438 0.052734 0.052734
7 0.834473 0.750488 0.045898 0.045898
10 0.147461 0.151367 0.062500 0.062500
7 0.166016 0.625977 0.039062 0.039062
0 0.657715 0.091797 0.124023 0.076172
2 0.616699 0.810059 0.043945 0.043945
0 0.764648 0.493652 0.195312 0.065430
5 0.253906 0.490234 0.037109 0.037109
2 0.168457 0.244629 0.053711 0.053711
11 0.198242 0.896484 0.097656 0.076172
5 0.778809 0.262207 0.034180 0.034180
6 0.416992 0.814453 0.041016 0.041016
2 0.463867 0.132812 0.044922 0.044922