1 0.540527 0.255859 0.114258 0.060547
9 0.224121 0.734863 0.040039 0.040039
10 0.468750 0.582031 0.041016 0.041016
10 0.921875 0.853516 0.048828 0.048828
0 0.542480 0.087891 0.112305 0.048828
0 0.474121 0.716797 0.133789 0.070312
0 0.730957 0.414062 0.120117 0.074219
1 0.706543 0.756836 0.186523 0.076172
0 0.352539 0.872070 0.144531 0.062500
10 0.204590 0.811035 0.055664 0.055664
0 0.296387 0.298828 0.104492 0.050781
1 0.714844 0.292480 0.134766 0.057617
6 0.587891 0.859375 0.039062 0.039062
8 0.782227 0.581055 0.054688 0.054688