0 0.520020 0.892578 0.194336 0.085938
12 0.447754 0.756836 0.055664 0.060547
12 0.223633 0.202637 0.066406 0.055664
12 0.214844 0.442871 0.054688 0.051758
12 0.735352 0.558105 0.064453 0.077148
10 0.197266 0.274414 0.048828 0.048828
0 0.773926 0.391602 0.124023 0.074219
0 0.768066 0.676758 0.137695 0.082031
0 0.391113 0.100098 0.163086 0.090820
0 0.271484 0.686523 0.195312 0.080078
9 0.552246 0.602051 0.051758 0.051758
8 0.531250 0.408203 0.046875 0.046875
2 0.823730 0.084473 0.036133 0.036133
11 0.146973 0.770020 0.125977 0.049805