0 0.733398 0.758301 0.146484 0.090820
11 0.639160 0.147949 0.131836 0.049805
11 0.116699 0.393066 0.133789 0.059570
11 0.121094 0.217773 0.125000 0.068359
10 0.640137 0.620605 0.047852 0.047852
2 0.339355 0.771973 0.043945 0.043945
0 0.399902 0.282227 0.141602 0.080078
12 0.328613 0.849609 0.045898 0.052734
0 0.540039 0.799805 0.125000 0.095703
9 0.345703 0.634766 0.050781 0.050781
6 0.562012 0.614746 0.049805 0.049805
9 0.906250 0.228516 0.044922 0.044922
12 0.905273 0.815430 0.052734 0.066406
11 0.786621 0.355469 0.118164 0.078125
0 0.382812 0.187988 0.177734 0.059570
11 0.408203 0.471191 0.095703 0.075195
0 0.197266 0.879395 0.132812 0.088867
0 0.708008 0.242188 0.187500 0.095703