4 0.602051 0.528809 0.036133 0.036133
11 0.882324 0.618652 0.088867 0.067383
0 0.579590 0.166992 0.143555 0.058594
3 0.392090 0.611816 0.034180 0.034180
10 0.181152 0.334473 0.049805 0.049805
8 0.666016 0.651367 0.056641 0.056641
11 0.415039 0.508789 0.111328 0.050781
12 0.907227 0.495117 0.052734 0.060547
0 0.234863 0.685059 0.188477 0.092773
10 0.260742 0.787109 0.060547 0.060547
5 0.682129 0.275879 0.034180 0.034180
8 0.262695 0.182617 0.058594 0.058594
12 0.241211 0.429688 0.056641 0.058594
9 0.785156 0.487305 0.058594 0.058594
4 0.521973 0.771973 0.040039 0.040039