10 0.625488 0.212402 0.047852 0.047852
12 0.611328 0.851562 0.050781 0.074219
10 0.210938 0.779297 0.054688 0.054688
0 0.486816 0.736328 0.172852 0.095703
12 0.217285 0.605957 0.043945 0.059570
12 0.414551 0.343750 0.051758 0.052734
0 0.469238 0.492676 0.118164 0.077148
11 0.242188 0.893555 0.132812 0.060547
12 0.214844 0.218262 0.042969 0.071289
7 0.880371 0.292480 0.051758 0.051758
0 0.695801 0.296387 0.135742 0.071289
12 0.257812 0.491699 0.058594 0.075195
4 0.176270 0.121582 0.041992 0.041992
11 0.820312 0.859863 0.091797 0.063477
12 0.092285 0.785645 0.057617 0.071289