0 0.333496 0.333008 0.188477 0.078125
0 0.611328 0.730957 0.138672 0.071289
12 0.105469 0.453125 0.048828 0.068359
12 0.131348 0.663086 0.061523 0.064453
5 0.070312 0.276367 0.037109 0.037109
8 0.149902 0.099121 0.057617 0.057617
7 0.699219 0.531250 0.050781 0.050781
8 0.896484 0.704102 0.048828 0.048828
0 0.497559 0.906738 0.125977 0.083008
11 0.538086 0.599121 0.130859 0.069336
12 0.482910 0.436035 0.065430 0.053711
11 0.670898 0.113770 0.123047 0.065430
12 0.183594 0.504883 0.060547 0.060547
11 0.249023 0.669434 0.125000 0.051758
3 0.410156 0.636719 0.044922 0.044922
0 0.437012 0.135254 0.118164 0.096680