4 0.149902 0.517090 0.047852 0.047852
0 0.325684 0.898926 0.161133 0.071289
5 0.682129 0.925293 0.041992 0.041992
1 0.577637 0.120117 0.135742 0.052734
1 0.387207 0.108398 0.110352 0.060547
7 0.705566 0.601074 0.047852 0.047852
7 0.230957 0.375488 0.036133 0.036133
6 0.640137 0.330566 0.045898 0.045898
10 0.200195 0.154297 0.046875 0.046875
1 0.610840 0.764648 0.172852 0.060547
4 0.360840 0.201660 0.047852 0.047852
2 0.791016 0.418945 0.029297 0.029297
2 0.286133 0.080078 0.044922 0.044922
5 0.705078 0.229492 0.033203 0.033203