0 0.675293 0.227539 0.120117 0.074219
11 0.162598 0.310547 0.143555 0.056641
5 0.917969 0.140625 0.044922 0.044922
8 0.562988 0.521973 0.057617 0.057617
0 0.773926 0.492188 0.135742 0.066406
0 0.364746 0.341309 0.151367 0.086914
0 0.155273 0.894531 0.158203 0.080078
9 0.637695 0.871094 0.046875 0.046875
12 0.281250 0.589355 0.062500 0.077148
11 0.483887 0.692383 0.090820 0.068359
11 0.445801 0.528320 0.124023 0.052734
0 0.679199 0.388184 0.166992 0.077148
0 0.740234 0.642090 0.185547 0.059570
0 0.274902 0.490723 0.184570 0.061523
3 0.723633 0.863281 0.035156 0.035156