7 0.318359 0.567383 0.042969 0.042969
11 0.708008 0.499023 0.121094 0.076172
12 0.515625 0.215820 0.066406 0.078125
11 0.572266 0.576172 0.095703 0.068359
11 0.280273 0.122559 0.136719 0.061523
5 0.083984 0.165039 0.037109 0.037109
0 0.246582 0.788574 0.166992 0.073242
0 0.150879 0.370605 0.174805 0.096680
0 0.772949 0.791992 0.157227 0.089844
5 0.208496 0.911621 0.041992 0.041992
11 0.526367 0.479492 0.117188 0.070312
2 0.840332 0.680176 0.047852 0.047852
6 0.294434 0.459473 0.051758 0.051758
11 0.179199 0.622070 0.141602 0.066406
6 0.831543 0.119629 0.041992 0.041992
11 0.456055 0.792969 0.119141 0.048828
10 0.650879 0.356934 0.045898 0.045898
0 0.660645 0.176758 0.125977 0.076172