12 0.769043 0.524902 0.043945 0.065430
9 0.908203 0.599609 0.050781 0.050781
12 0.282227 0.366699 0.041016 0.067383
0 0.269043 0.504883 0.133789 0.058594
2 0.791016 0.791016 0.037109 0.037109
0 0.426758 0.582031 0.132812 0.095703
6 0.750977 0.421875 0.041016 0.041016
7 0.887695 0.163086 0.046875 0.046875
3 0.513184 0.735840 0.038086 0.038086
5 0.893066 0.088379 0.051758 0.051758
0 0.612793 0.609863 0.176758 0.067383
11 0.636230 0.223145 0.135742 0.065430
11 0.790039 0.913574 0.148438 0.063477
10 0.480957 0.326660 0.051758 0.051758
4 0.140137 0.483887 0.038086 0.038086
0 0.435059 0.165039 0.166992 0.064453