8 0.102051 0.435059 0.057617 0.057617
11 0.481934 0.515137 0.114258 0.049805
12 0.744141 0.795410 0.046875 0.049805
5 0.359863 0.878418 0.043945 0.043945
11 0.583008 0.845703 0.150391 0.050781
12 0.642578 0.534180 0.041016 0.078125
7 0.124512 0.525879 0.051758 0.051758
8 0.679199 0.142090 0.061523 0.061523
11 0.478516 0.308105 0.121094 0.059570
11 0.538574 0.734863 0.127930 0.071289
12 0.391602 0.649414 0.044922 0.078125
10 0.307129 0.799316 0.053711 0.053711
11 0.699707 0.316895 0.153320 0.075195
3 0.750977 0.184570 0.041016 0.041016
11 0.751465 0.646484 0.135742 0.072266
4 0.730469 0.549805 0.050781 0.050781
11 0.845703 0.550293 0.123047 0.053711