12 0.778809 0.103516 0.065430 0.068359
6 0.680176 0.806152 0.038086 0.038086
11 0.145508 0.773926 0.109375 0.055664
11 0.867188 0.695312 0.154297 0.050781
11 0.301270 0.295410 0.090820 0.059570
11 0.440430 0.653320 0.091797 0.070312
11 0.843262 0.841797 0.147461 0.076172
4 0.533203 0.374023 0.037109 0.037109
9 0.082520 0.674316 0.061523 0.061523
4 0.255371 0.809082 0.036133 0.036133
6 0.619141 0.557617 0.035156 0.035156
12 0.391602 0.428223 0.039062 0.055664
11 0.296387 0.880371 0.100586 0.071289