2 0.681152 0.616699 0.053711 0.053711
12 0.083008 0.749512 0.068359 0.061523
11 0.544922 0.827637 0.154297 0.067383
0 0.863770 0.330566 0.161133 0.094727
12 0.155762 0.238770 0.053711 0.073242
11 0.490234 0.251953 0.119141 0.078125
12 0.134277 0.554688 0.040039 0.072266
12 0.797852 0.886719 0.058594 0.066406
12 0.145020 0.407227 0.045898 0.076172
10 0.162598 0.872559 0.063477 0.063477
7 0.353516 0.812500 0.039062 0.039062
2 0.770508 0.628906 0.048828 0.048828
0 0.307617 0.632324 0.144531 0.090820
0 0.710938 0.129883 0.160156 0.087891
5 0.246094 0.215820 0.048828 0.048828