1 0.495605 0.754395 0.143555 0.053711
1 0.697754 0.774902 0.188477 0.071289
5 0.500000 0.905273 0.029297 0.029297
1 0.110840 0.434570 0.124023 0.070312
8 0.493164 0.603516 0.041016 0.041016
8 0.697754 0.176270 0.045898 0.045898
1 0.177246 0.847656 0.186523 0.072266
0 0.187012 0.296875 0.161133 0.056641
1 0.516602 0.227051 0.142578 0.059570
9 0.628906 0.438477 0.046875 0.046875
1 0.806641 0.233887 0.111328 0.075195
8 0.553223 0.313965 0.053711 0.053711
0 0.247559 0.526367 0.145508 0.068359
8 0.390625 0.184570 0.039062 0.039062