9 0.653809 0.385254 0.059570 0.059570
0 0.169922 0.774414 0.148438 0.085938
9 0.829590 0.845215 0.043945 0.043945
11 0.216309 0.923340 0.151367 0.053711
10 0.734375 0.216797 0.058594 0.058594
12 0.239258 0.458984 0.039062 0.052734
9 0.759766 0.525391 0.062500 0.062500
11 0.132812 0.245605 0.134766 0.059570
0 0.794922 0.741699 0.173828 0.096680
4 0.616211 0.224609 0.041016 0.041016
2 0.637695 0.667969 0.044922 0.044922
11 0.671387 0.116211 0.108398 0.074219
10 0.875000 0.509766 0.058594 0.058594
8 0.421875 0.307617 0.054688 0.054688
11 0.467773 0.628906 0.123047 0.058594