5 0.702637 0.365723 0.049805 0.049805
3 0.593750 0.438477 0.048828 0.048828
0 0.751953 0.807617 0.126953 0.097656
12 0.621582 0.181152 0.061523 0.059570
12 0.343750 0.631836 0.068359 0.048828
7 0.691406 0.228516 0.046875 0.046875
12 0.084961 0.599121 0.042969 0.071289
11 0.868652 0.178711 0.096680 0.072266
0 0.311523 0.202148 0.128906 0.083984
12 0.101562 0.115723 0.039062 0.067383
8 0.284180 0.720703 0.048828 0.048828
8 0.541016 0.709961 0.054688 0.054688
12 0.178711 0.191406 0.048828 0.072266
12 0.618164 0.812012 0.052734 0.053711
8 0.281250 0.797852 0.046875 0.046875
11 0.210938 0.329102 0.136719 0.054688