0 0.325195 0.470215 0.193359 0.079102
8 0.426270 0.666504 0.061523 0.061523
12 0.142578 0.836914 0.068359 0.078125
2 0.690918 0.437988 0.049805 0.049805
11 0.238281 0.224609 0.095703 0.056641
9 0.449219 0.326172 0.056641 0.056641
0 0.826172 0.484375 0.162109 0.093750
0 0.630859 0.905762 0.191406 0.090820
3 0.472656 0.205078 0.039062 0.039062
0 0.843262 0.797852 0.180664 0.060547
0 0.833008 0.164062 0.162109 0.078125
2 0.342285 0.903809 0.040039 0.040039
0 0.219238 0.621582 0.194336 0.065430
0 0.515137 0.104980 0.186523 0.075195
9 0.852051 0.721191 0.055664 0.055664
12 0.643555 0.319336 0.058594 0.054688