1 0.187500 0.888672 0.191406 0.058594
5 0.471680 0.231445 0.044922 0.044922
1 0.224609 0.419922 0.136719 0.056641
6 0.420898 0.926758 0.031250 0.031250
10 0.645996 0.222168 0.043945 0.043945
0 0.855957 0.901855 0.166992 0.057617
4 0.899414 0.800781 0.044922 0.044922
0 0.320312 0.166016 0.099609 0.064453
0 0.137207 0.739746 0.168945 0.071289
5 0.715332 0.842285 0.047852 0.047852
1 0.857422 0.555664 0.160156 0.078125
0 0.491699 0.859375 0.125977 0.050781
1 0.672852 0.120117 0.162109 0.066406
5 0.402832 0.587402 0.041992 0.041992
10 0.538086 0.694336 0.048828 0.048828