0 0.425293 0.574707 0.166992 0.081055
0 0.597168 0.125000 0.145508 0.070312
8 0.164551 0.843262 0.051758 0.051758
0 0.321777 0.149902 0.192383 0.075195
9 0.384277 0.907715 0.047852 0.047852
8 0.916992 0.180664 0.062500 0.062500
5 0.124512 0.755371 0.041992 0.041992
5 0.650391 0.675781 0.039062 0.039062
12 0.896484 0.357910 0.041016 0.063477
12 0.085449 0.372070 0.049805 0.052734
11 0.783691 0.494141 0.090820 0.074219
0 0.229004 0.613281 0.153320 0.093750
0 0.639648 0.497559 0.154297 0.092773
11 0.287598 0.791504 0.131836 0.061523
10 0.354980 0.297363 0.057617 0.057617
7 0.677734 0.616211 0.039062 0.039062