1 0.771484 0.121094 0.164062 0.064453
0 0.206055 0.673828 0.138672 0.087891
3 0.582031 0.632812 0.048828 0.048828
10 0.595703 0.351562 0.048828 0.048828
1 0.698730 0.490234 0.149414 0.058594
8 0.430176 0.363770 0.045898 0.045898
0 0.822266 0.217773 0.171875 0.066406
8 0.541504 0.927246 0.043945 0.043945
0 0.732910 0.908691 0.147461 0.063477
7 0.390625 0.269531 0.041016 0.041016
0 0.323730 0.093750 0.163086 0.087891
6 0.315430 0.543945 0.031250 0.031250
1 0.375977 0.868164 0.187500 0.068359
0 0.547363 0.077148 0.100586 0.052734