10 0.354492 0.317383 0.044922 0.044922
12 0.604492 0.641113 0.054688 0.055664
0 0.240234 0.644043 0.177734 0.081055
10 0.395020 0.877441 0.061523 0.061523
6 0.474121 0.242676 0.041992 0.041992
3 0.125000 0.330078 0.035156 0.035156
11 0.807129 0.145508 0.098633 0.074219
0 0.527832 0.759277 0.170898 0.075195
9 0.299316 0.879395 0.057617 0.057617
10 0.896484 0.300781 0.056641 0.056641
11 0.431152 0.118652 0.092773 0.055664
10 0.578125 0.912109 0.062500 0.062500
9 0.332520 0.484863 0.045898 0.045898
12 0.642090 0.119629 0.043945 0.075195
11 0.565430 0.448242 0.121094 0.058594
12 0.495117 0.652344 0.062500 0.050781
11 0.841797 0.564453 0.142578 0.064453