11 0.329590 0.263672 0.145508 0.056641
7 0.069824 0.672363 0.040039 0.040039
8 0.123535 0.225098 0.055664 0.055664
11 0.682617 0.721191 0.119141 0.075195
12 0.595215 0.225098 0.065430 0.053711
11 0.732910 0.493652 0.090820 0.059570
12 0.285156 0.547852 0.039062 0.076172
0 0.498047 0.814453 0.160156 0.070312
9 0.312012 0.859863 0.059570 0.059570
6 0.494629 0.392090 0.049805 0.049805
7 0.572266 0.652344 0.037109 0.037109
8 0.536621 0.512207 0.057617 0.057617
11 0.522461 0.113281 0.130859 0.076172
12 0.220215 0.169922 0.057617 0.056641
0 0.283203 0.374023 0.142578 0.091797
12 0.871094 0.826172 0.068359 0.052734
12 0.796875 0.315430 0.068359 0.062500
12 0.633301 0.475586 0.059570 0.056641