10 0.786133 0.297852 0.042969 0.042969
1 0.635742 0.717773 0.183594 0.062500
6 0.420898 0.505859 0.046875 0.046875
9 0.579590 0.244629 0.047852 0.047852
1 0.849609 0.884766 0.138672 0.066406
1 0.433105 0.389160 0.114258 0.053711
1 0.385742 0.777344 0.156250 0.070312
8 0.206055 0.791016 0.046875 0.046875
10 0.850586 0.748047 0.050781 0.050781
7 0.924805 0.458984 0.031250 0.031250
0 0.176758 0.640625 0.115234 0.080078
1 0.769531 0.099121 0.177734 0.051758
4 0.085938 0.500000 0.039062 0.039062
8 0.083496 0.268066 0.057617 0.057617
1 0.747559 0.515137 0.147461 0.063477