11 0.181152 0.267578 0.143555 0.056641
11 0.502441 0.544922 0.112305 0.064453
8 0.273438 0.106445 0.062500 0.062500
8 0.796387 0.875488 0.063477 0.063477
12 0.293457 0.533203 0.055664 0.056641
0 0.660645 0.883789 0.129883 0.087891
8 0.386719 0.117188 0.056641 0.056641
0 0.383789 0.681641 0.152344 0.080078
12 0.839355 0.440430 0.055664 0.070312
4 0.101562 0.640625 0.039062 0.039062
0 0.866699 0.603516 0.145508 0.097656
6 0.166504 0.567871 0.043945 0.043945
11 0.575195 0.398926 0.091797 0.073242
12 0.461914 0.851074 0.064453 0.053711
11 0.370117 0.435059 0.087891 0.055664
0 0.874023 0.724609 0.126953 0.074219
11 0.691895 0.717773 0.149414 0.068359