12 0.836914 0.392090 0.052734 0.049805
9 0.816895 0.118652 0.063477 0.063477
3 0.927734 0.770508 0.046875 0.046875
12 0.918945 0.324707 0.052734 0.069336
4 0.447754 0.520020 0.040039 0.040039
12 0.849609 0.466797 0.060547 0.048828
9 0.592285 0.547363 0.059570 0.059570
11 0.242188 0.649414 0.087891 0.064453
0 0.835938 0.672852 0.152344 0.082031
11 0.609863 0.671387 0.118164 0.055664
11 0.126465 0.800781 0.122070 0.054688
11 0.697266 0.154297 0.121094 0.058594
5 0.925293 0.095215 0.043945 0.043945
10 0.354492 0.558594 0.054688 0.054688
7 0.374023 0.077148 0.044922 0.044922