3 0.224121 0.708496 0.053711 0.053711
11 0.800781 0.586914 0.148438 0.060547
0 0.510254 0.351074 0.151367 0.075195
12 0.790039 0.678711 0.050781 0.058594
12 0.675293 0.234375 0.065430 0.048828
6 0.326172 0.550781 0.052734 0.052734
6 0.237793 0.918457 0.053711 0.053711
0 0.200195 0.819824 0.185547 0.059570
12 0.870605 0.756348 0.041992 0.077148
11 0.286621 0.140625 0.145508 0.062500
10 0.683105 0.633301 0.045898 0.045898
0 0.786621 0.406738 0.172852 0.065430
12 0.090332 0.666016 0.059570 0.074219
0 0.491699 0.190430 0.124023 0.085938
11 0.300293 0.301758 0.124023 0.048828
11 0.108398 0.225098 0.119141 0.057617