7 0.625000 0.823242 0.041016 0.041016
1 0.597656 0.279785 0.158203 0.051758
0 0.366699 0.625000 0.166992 0.068359
0 0.555176 0.086914 0.098633 0.074219
1 0.404297 0.152344 0.126953 0.070312
10 0.785156 0.231445 0.052734 0.052734
10 0.407715 0.387207 0.055664 0.055664
6 0.223145 0.198730 0.047852 0.047852
0 0.229004 0.337891 0.129883 0.058594
9 0.804688 0.620117 0.050781 0.050781
1 0.633789 0.519531 0.105469 0.078125
0 0.168945 0.739258 0.162109 0.060547
1 0.154785 0.890137 0.141602 0.059570
3 0.760254 0.527832 0.034180 0.034180
2 0.829590 0.380371 0.030273 0.030273