7 0.517578 0.216797 0.029297 0.029297
10 0.533691 0.085449 0.045898 0.045898
0 0.856445 0.129883 0.167969 0.076172
0 0.758789 0.474121 0.156250 0.086914
1 0.184570 0.403809 0.121094 0.067383
1 0.547363 0.301270 0.184570 0.071289
8 0.143555 0.863281 0.039062 0.039062
9 0.583008 0.416992 0.050781 0.050781
9 0.125488 0.645020 0.049805 0.049805
1 0.311523 0.850586 0.187500 0.050781
8 0.413086 0.706055 0.052734 0.052734
7 0.342773 0.499023 0.035156 0.035156
0 0.777344 0.262207 0.150391 0.077148
1 0.260742 0.193359 0.156250 0.052734
0 0.398926 0.113770 0.129883 0.049805