1 0.649414 0.449707 0.164062 0.055664
0 0.839355 0.712891 0.149414 0.076172
0 0.399902 0.675293 0.137695 0.084961
4 0.648438 0.137695 0.039062 0.039062
1 0.144531 0.285645 0.107422 0.049805
9 0.201172 0.475586 0.046875 0.046875
8 0.375488 0.089355 0.053711 0.053711
0 0.129395 0.736328 0.147461 0.080078
1 0.189941 0.866211 0.108398 0.070312
1 0.465820 0.331543 0.144531 0.071289
1 0.720215 0.362793 0.125977 0.055664
10 0.816406 0.919922 0.054688 0.054688
0 0.627930 0.857910 0.134766 0.055664
3 0.382324 0.437988 0.047852 0.047852
10 0.501953 0.087891 0.039062 0.039062