7 0.381348 0.572754 0.040039 0.040039
5 0.131348 0.263184 0.047852 0.047852
12 0.912109 0.707031 0.058594 0.052734
9 0.206543 0.633301 0.063477 0.063477
8 0.493164 0.625000 0.046875 0.046875
0 0.836914 0.543945 0.146484 0.085938
10 0.472168 0.702637 0.045898 0.045898
4 0.250000 0.500977 0.044922 0.044922
11 0.807617 0.875488 0.099609 0.053711
9 0.464844 0.391602 0.062500 0.062500
12 0.540527 0.778809 0.055664 0.077148
11 0.822266 0.671387 0.089844 0.055664
8 0.660156 0.646484 0.044922 0.044922
8 0.562988 0.215332 0.047852 0.047852
0 0.282715 0.288574 0.125977 0.090820
9 0.142578 0.518555 0.058594 0.058594
12 0.704102 0.547852 0.041016 0.072266