0 0.742676 0.581543 0.145508 0.083008
0 0.723633 0.422852 0.115234 0.056641
10 0.496094 0.441406 0.052734 0.052734
6 0.468750 0.264648 0.046875 0.046875
8 0.168457 0.139160 0.055664 0.055664
8 0.087891 0.424805 0.041016 0.041016
1 0.368652 0.808594 0.139648 0.054688
9 0.180176 0.634277 0.053711 0.053711
1 0.305176 0.462891 0.110352 0.052734
0 0.769043 0.693359 0.102539 0.072266
10 0.342285 0.904785 0.049805 0.049805
6 0.923828 0.380859 0.029297 0.029297
0 0.583008 0.872070 0.162109 0.074219
10 0.883301 0.520996 0.045898 0.045898
0 0.470703 0.610352 0.132812 0.087891