11 0.812988 0.104980 0.110352 0.073242
3 0.295410 0.800293 0.038086 0.038086
12 0.094727 0.594727 0.048828 0.078125
3 0.534668 0.197754 0.049805 0.049805
4 0.617676 0.395996 0.051758 0.051758
0 0.294922 0.525391 0.125000 0.085938
11 0.791504 0.855957 0.088867 0.067383
7 0.446777 0.484863 0.038086 0.038086
12 0.869141 0.273438 0.060547 0.054688
0 0.470215 0.829102 0.151367 0.066406
0 0.405762 0.718262 0.120117 0.084961
10 0.726074 0.588379 0.057617 0.057617
11 0.382812 0.345703 0.123047 0.060547
11 0.494629 0.419922 0.133789 0.052734
11 0.669922 0.224121 0.111328 0.055664
0 0.451172 0.107910 0.146484 0.081055
11 0.567871 0.649414 0.125977 0.062500