5 0.485840 0.582520 0.051758 0.051758
9 0.328125 0.150391 0.054688 0.054688
11 0.370117 0.079102 0.140625 0.056641
8 0.078613 0.707520 0.043945 0.043945
5 0.661133 0.106445 0.050781 0.050781
12 0.141602 0.254883 0.058594 0.068359
9 0.261719 0.458008 0.056641 0.056641
0 0.491699 0.435059 0.155273 0.063477
11 0.251953 0.786133 0.087891 0.064453
6 0.787598 0.767090 0.038086 0.038086
9 0.102539 0.779297 0.052734 0.052734
12 0.230957 0.144531 0.067383 0.048828
0 0.483887 0.784668 0.153320 0.079102
6 0.243164 0.332031 0.041016 0.041016
4 0.541504 0.078613 0.045898 0.045898
0 0.576172 0.253906 0.136719 0.095703
10 0.651367 0.661133 0.054688 0.054688