0 0.408691 0.167969 0.129883 0.082031
12 0.757324 0.613281 0.049805 0.052734
7 0.295898 0.299805 0.041016 0.041016
10 0.864258 0.515625 0.050781 0.050781
12 0.821777 0.439941 0.061523 0.069336
12 0.199707 0.144531 0.051758 0.062500
7 0.117188 0.442383 0.050781 0.050781
12 0.799805 0.278320 0.042969 0.062500
12 0.088379 0.913086 0.065430 0.072266
0 0.460449 0.378906 0.192383 0.066406
8 0.192871 0.420410 0.057617 0.057617
11 0.804199 0.825684 0.151367 0.071289
10 0.275391 0.477539 0.062500 0.062500
8 0.419434 0.639160 0.051758 0.051758
11 0.399414 0.885742 0.093750 0.074219
12 0.270996 0.682617 0.057617 0.068359