1 0.244141 0.196777 0.115234 0.063477
0 0.866699 0.683105 0.168945 0.071289
9 0.176758 0.622070 0.041016 0.041016
10 0.282715 0.767090 0.041992 0.041992
1 0.495117 0.549316 0.132812 0.055664
1 0.331055 0.333008 0.107422 0.064453
1 0.453125 0.750000 0.113281 0.060547
8 0.586914 0.694336 0.044922 0.044922
0 0.648438 0.788086 0.125000 0.072266
1 0.184570 0.843750 0.101562 0.054688
1 0.155273 0.375977 0.152344 0.076172
8 0.770020 0.491699 0.040039 0.040039
0 0.877441 0.394531 0.120117 0.087891
0 0.121582 0.922852 0.139648 0.050781
0 0.538086 0.179688 0.171875 0.064453