11 0.238770 0.921387 0.133789 0.059570
3 0.645508 0.316406 0.044922 0.044922
12 0.386719 0.552246 0.060547 0.063477
0 0.249023 0.211914 0.167969 0.064453
12 0.482422 0.238281 0.066406 0.048828
11 0.460449 0.376953 0.143555 0.048828
12 0.696289 0.541992 0.041016 0.054688
0 0.223633 0.737305 0.136719 0.085938
10 0.837891 0.539062 0.060547 0.060547
0 0.693359 0.195801 0.158203 0.090820
11 0.826172 0.305176 0.134766 0.071289
12 0.683594 0.437500 0.050781 0.062500
12 0.910156 0.653320 0.042969 0.078125