6 0.630859 0.489258 0.048828 0.048828
5 0.391113 0.389160 0.034180 0.034180
0 0.473633 0.652832 0.166016 0.053711
6 0.668457 0.239746 0.045898 0.045898
10 0.678223 0.360840 0.040039 0.040039
9 0.797363 0.878418 0.057617 0.057617
3 0.190430 0.397461 0.033203 0.033203
9 0.718262 0.742676 0.041992 0.041992
0 0.410645 0.239258 0.172852 0.048828
7 0.864258 0.083008 0.037109 0.037109
3 0.676758 0.668945 0.037109 0.037109
8 0.893555 0.381836 0.048828 0.048828
0 0.324707 0.085449 0.151367 0.071289
1 0.605957 0.822754 0.116211 0.077148