9 0.281250 0.563477 0.056641 0.056641
11 0.812500 0.390137 0.101562 0.061523
10 0.398926 0.449707 0.063477 0.063477
7 0.583496 0.448730 0.041992 0.041992
0 0.451172 0.594727 0.140625 0.082031
2 0.281738 0.451660 0.053711 0.053711
4 0.874023 0.689453 0.035156 0.035156
8 0.461426 0.243652 0.063477 0.063477
3 0.808594 0.123047 0.042969 0.042969
3 0.314453 0.754883 0.039062 0.039062
8 0.445801 0.724121 0.045898 0.045898
2 0.744141 0.868164 0.046875 0.046875
4 0.074219 0.909180 0.041016 0.041016
9 0.847168 0.507324 0.047852 0.047852
12 0.598633 0.297852 0.062500 0.052734
11 0.289551 0.680664 0.106445 0.070312
0 0.459961 0.821777 0.185547 0.081055