10 0.392090 0.904785 0.045898 0.045898
0 0.701660 0.199219 0.100586 0.048828
4 0.468262 0.130371 0.038086 0.038086
1 0.849121 0.363770 0.125977 0.069336
4 0.479980 0.438965 0.047852 0.047852
4 0.286133 0.930664 0.031250 0.031250
0 0.192871 0.544434 0.122070 0.059570
0 0.350586 0.675293 0.154297 0.061523
1 0.885742 0.690918 0.119141 0.061523
9 0.817871 0.611816 0.040039 0.040039
0 0.667969 0.848145 0.166016 0.055664
3 0.611816 0.297363 0.038086 0.038086
1 0.337891 0.447754 0.130859 0.075195
4 0.611328 0.387695 0.039062 0.039062