0 0.522949 0.576660 0.166992 0.086914
2 0.519043 0.773926 0.040039 0.040039
8 0.690918 0.890137 0.059570 0.059570
11 0.873047 0.143066 0.121094 0.065430
11 0.853027 0.372559 0.102539 0.053711
0 0.258301 0.103516 0.151367 0.074219
7 0.216797 0.759766 0.035156 0.035156
0 0.393066 0.435059 0.129883 0.088867
0 0.132324 0.200195 0.122070 0.085938
11 0.441406 0.149902 0.144531 0.063477
12 0.900391 0.531738 0.056641 0.063477
6 0.321777 0.622559 0.041992 0.041992
0 0.645508 0.469238 0.173828 0.063477
11 0.404297 0.830078 0.132812 0.068359
12 0.287598 0.888672 0.055664 0.050781