12 0.499023 0.309570 0.058594 0.054688
12 0.659180 0.256836 0.058594 0.062500
0 0.868652 0.186523 0.139648 0.093750
10 0.507324 0.515137 0.049805 0.049805
12 0.658203 0.377930 0.062500 0.056641
11 0.784180 0.364746 0.125000 0.055664
11 0.162598 0.857910 0.153320 0.057617
11 0.299316 0.547852 0.098633 0.064453
12 0.911621 0.592285 0.067383 0.075195
12 0.334473 0.841797 0.049805 0.054688
10 0.559082 0.103027 0.045898 0.045898
11 0.196777 0.356934 0.127930 0.053711
12 0.764160 0.522461 0.063477 0.060547
12 0.608398 0.675781 0.052734 0.066406