8 0.449219 0.728516 0.058594 0.058594
12 0.549805 0.313477 0.064453 0.048828
3 0.345703 0.717773 0.052734 0.052734
5 0.741699 0.462402 0.036133 0.036133
11 0.160645 0.659180 0.125977 0.062500
8 0.663086 0.633789 0.052734 0.052734
9 0.396973 0.362793 0.047852 0.047852
6 0.921387 0.601074 0.047852 0.047852
11 0.183105 0.859863 0.102539 0.067383
12 0.805664 0.108887 0.039062 0.071289
3 0.637207 0.335449 0.038086 0.038086
10 0.372070 0.225586 0.044922 0.044922
5 0.663574 0.249512 0.045898 0.045898
6 0.885742 0.241211 0.035156 0.035156
8 0.776367 0.315430 0.048828 0.048828
12 0.618164 0.853516 0.064453 0.060547