12 0.709473 0.107910 0.041992 0.071289
11 0.736816 0.587891 0.147461 0.054688
6 0.371094 0.835938 0.042969 0.042969
8 0.559570 0.231445 0.058594 0.058594
0 0.837891 0.164062 0.134766 0.072266
12 0.416992 0.334961 0.056641 0.078125
12 0.203125 0.297363 0.064453 0.049805
12 0.726562 0.841309 0.046875 0.071289
7 0.079102 0.221680 0.046875 0.046875
3 0.917480 0.402832 0.047852 0.047852
0 0.447754 0.609375 0.176758 0.097656
12 0.325195 0.388672 0.060547 0.066406
0 0.238281 0.911133 0.195312 0.066406
12 0.083984 0.091309 0.048828 0.055664
11 0.214844 0.142578 0.121094 0.072266
11 0.888184 0.692383 0.118164 0.054688