11 0.605469 0.595703 0.121094 0.058594
7 0.449707 0.323730 0.038086 0.038086
7 0.835449 0.262207 0.034180 0.034180
0 0.865723 0.602051 0.170898 0.061523
3 0.494629 0.784668 0.045898 0.045898
6 0.118652 0.547363 0.051758 0.051758
12 0.680664 0.116699 0.066406 0.077148
11 0.819824 0.684570 0.133789 0.072266
0 0.350586 0.546387 0.126953 0.071289
12 0.549316 0.113770 0.043945 0.077148
0 0.218262 0.803223 0.166992 0.079102
11 0.384766 0.452148 0.126953 0.050781
11 0.267090 0.371582 0.092773 0.049805
11 0.781250 0.454102 0.099609 0.064453
0 0.836914 0.155762 0.167969 0.086914