11 0.362793 0.723145 0.137695 0.077148
12 0.271484 0.318848 0.064453 0.071289
11 0.680664 0.309082 0.140625 0.051758
12 0.391113 0.502930 0.063477 0.072266
2 0.166992 0.100586 0.052734 0.052734
12 0.412109 0.269043 0.064453 0.057617
6 0.262695 0.491211 0.048828 0.048828
10 0.536133 0.813477 0.062500 0.062500
12 0.090820 0.492676 0.066406 0.055664
5 0.286133 0.225586 0.035156 0.035156
12 0.912109 0.416992 0.062500 0.066406
12 0.640625 0.583008 0.056641 0.056641
5 0.241699 0.753418 0.047852 0.047852
12 0.790039 0.855469 0.056641 0.048828
9 0.566406 0.597656 0.044922 0.044922
11 0.353027 0.128418 0.145508 0.075195