7 0.214844 0.497070 0.050781 0.050781
0 0.701172 0.327637 0.189453 0.090820
12 0.830566 0.474121 0.041992 0.069336
8 0.617676 0.714355 0.043945 0.043945
4 0.584473 0.421387 0.038086 0.038086
11 0.451172 0.211426 0.107422 0.069336
3 0.919922 0.780273 0.046875 0.046875
11 0.133789 0.602539 0.107422 0.068359
11 0.432617 0.578613 0.123047 0.065430
12 0.270508 0.343262 0.060547 0.073242
0 0.385742 0.476074 0.123047 0.086914
6 0.092285 0.860840 0.047852 0.047852
9 0.731445 0.439453 0.058594 0.058594
11 0.489746 0.336426 0.151367 0.071289
0 0.338379 0.747559 0.145508 0.084961
0 0.263184 0.188965 0.127930 0.073242