11 0.519531 0.254395 0.113281 0.063477
0 0.788086 0.484375 0.125000 0.091797
6 0.700684 0.171387 0.040039 0.040039
0 0.196289 0.744141 0.121094 0.078125
0 0.345703 0.649902 0.150391 0.079102
9 0.104492 0.849609 0.056641 0.056641
0 0.170410 0.297363 0.159180 0.079102
12 0.367188 0.875488 0.060547 0.053711
6 0.156738 0.595215 0.036133 0.036133
4 0.301270 0.730957 0.047852 0.047852
12 0.914551 0.319824 0.047852 0.075195
11 0.648438 0.770508 0.148438 0.062500
12 0.352539 0.185547 0.054688 0.062500
11 0.461426 0.161621 0.108398 0.065430
4 0.414551 0.521973 0.038086 0.038086