0 0.573242 0.365234 0.154297 0.064453
11 0.451660 0.163574 0.110352 0.071289
10 0.247070 0.196289 0.058594 0.058594
2 0.822754 0.250488 0.040039 0.040039
0 0.177734 0.827148 0.185547 0.064453
0 0.582520 0.565918 0.129883 0.090820
0 0.796387 0.326172 0.127930 0.062500
12 0.402832 0.642090 0.067383 0.055664
4 0.560547 0.893555 0.042969 0.042969
11 0.391113 0.402832 0.112305 0.053711
8 0.591309 0.690918 0.045898 0.045898
11 0.201660 0.668457 0.114258 0.049805
9 0.346191 0.850098 0.059570 0.059570
11 0.097656 0.502441 0.093750 0.051758