10 0.528809 0.812012 0.045898 0.045898
12 0.478516 0.412109 0.042969 0.070312
9 0.478027 0.540527 0.047852 0.047852
11 0.720703 0.398438 0.142578 0.048828
12 0.511230 0.298340 0.051758 0.077148
12 0.186523 0.395508 0.062500 0.078125
5 0.129883 0.467773 0.035156 0.035156
6 0.344727 0.695312 0.052734 0.052734
6 0.318359 0.114258 0.042969 0.042969
6 0.634277 0.311035 0.038086 0.038086
11 0.203613 0.247559 0.133789 0.063477
7 0.833496 0.081543 0.034180 0.034180
9 0.605957 0.153809 0.053711 0.053711
4 0.782715 0.800293 0.047852 0.047852