0 0.227539 0.377441 0.183594 0.067383
12 0.734863 0.655762 0.055664 0.065430
3 0.309082 0.545410 0.053711 0.053711
10 0.844238 0.103027 0.057617 0.057617
12 0.472656 0.637207 0.066406 0.077148
2 0.602051 0.739746 0.051758 0.051758
0 0.570312 0.187988 0.179688 0.073242
3 0.826660 0.499512 0.053711 0.053711
10 0.404785 0.124512 0.049805 0.049805
0 0.846680 0.224121 0.189453 0.081055
9 0.462402 0.375488 0.055664 0.055664
12 0.346680 0.215820 0.050781 0.072266
11 0.876465 0.362793 0.106445 0.055664
11 0.536621 0.890625 0.108398 0.062500
8 0.174805 0.101562 0.054688 0.054688
5 0.361328 0.828125 0.044922 0.044922
12 0.149902 0.718262 0.061523 0.075195