6 0.112305 0.477539 0.044922 0.044922
10 0.793457 0.523926 0.045898 0.045898
2 0.239746 0.560059 0.036133 0.036133
0 0.481445 0.503418 0.109375 0.084961
4 0.103027 0.176270 0.041992 0.041992
0 0.735352 0.374023 0.160156 0.050781
4 0.882812 0.345703 0.039062 0.039062
1 0.278809 0.722168 0.108398 0.053711
8 0.541992 0.302734 0.052734 0.052734
1 0.684570 0.754883 0.160156 0.050781
9 0.641113 0.303223 0.047852 0.047852
1 0.435059 0.805664 0.153320 0.054688
6 0.577637 0.489746 0.036133 0.036133
1 0.594727 0.198730 0.166016 0.051758
0 0.279785 0.257324 0.135742 0.086914