10 0.848145 0.794434 0.053711 0.053711
0 0.494629 0.401855 0.098633 0.083008
2 0.349121 0.904785 0.045898 0.045898
1 0.126465 0.160645 0.120117 0.077148
1 0.638672 0.645020 0.181641 0.065430
0 0.424805 0.815918 0.175781 0.071289
10 0.179199 0.805176 0.049805 0.049805
2 0.651367 0.519531 0.033203 0.033203
1 0.341797 0.599609 0.138672 0.068359
1 0.315918 0.361816 0.168945 0.053711
1 0.444336 0.264648 0.185547 0.068359
9 0.895020 0.125488 0.055664 0.055664
0 0.337891 0.165039 0.099609 0.080078
4 0.317383 0.490234 0.035156 0.035156
0 0.430176 0.715332 0.104492 0.061523