6 0.815918 0.703613 0.034180 0.034180
11 0.249023 0.382324 0.142578 0.055664
5 0.084961 0.317383 0.039062 0.039062
12 0.223145 0.699707 0.059570 0.051758
2 0.071777 0.595215 0.036133 0.036133
3 0.569336 0.200195 0.039062 0.039062
3 0.638184 0.708496 0.038086 0.038086
10 0.715820 0.904297 0.054688 0.054688
8 0.477539 0.903320 0.048828 0.048828
12 0.141113 0.250488 0.053711 0.051758
0 0.865723 0.612793 0.159180 0.071289
0 0.310547 0.863770 0.185547 0.086914
6 0.244629 0.166504 0.051758 0.051758
0 0.834473 0.412109 0.186523 0.080078
0 0.737305 0.326660 0.195312 0.059570
8 0.494629 0.611816 0.053711 0.053711