5 0.160156 0.860352 0.033203 0.033203
0 0.633301 0.900879 0.157227 0.069336
10 0.893555 0.836914 0.054688 0.054688
0 0.154297 0.730957 0.169922 0.057617
4 0.816406 0.425781 0.042969 0.042969
8 0.743164 0.602539 0.039062 0.039062
9 0.416016 0.461914 0.058594 0.058594
1 0.853516 0.724609 0.177734 0.056641
8 0.081055 0.308594 0.050781 0.050781
1 0.636230 0.470215 0.194336 0.057617
3 0.438477 0.926758 0.035156 0.035156
0 0.539062 0.381836 0.136719 0.054688
0 0.428223 0.732422 0.129883 0.054688
1 0.260742 0.505859 0.167969 0.078125
10 0.264648 0.419922 0.042969 0.042969