10 0.503906 0.788086 0.050781 0.050781
9 0.921875 0.492188 0.056641 0.056641
1 0.469238 0.644043 0.149414 0.051758
3 0.227539 0.431641 0.042969 0.042969
1 0.421875 0.281738 0.125000 0.067383
6 0.907715 0.660645 0.030273 0.030273
0 0.306152 0.538086 0.106445 0.056641
1 0.252441 0.621094 0.145508 0.064453
7 0.514648 0.203125 0.033203 0.033203
1 0.709961 0.667969 0.189453 0.056641
0 0.183105 0.358887 0.165039 0.053711
8 0.642578 0.846680 0.042969 0.042969
1 0.785645 0.880859 0.110352 0.050781
1 0.153809 0.164551 0.190430 0.077148