8 0.257324 0.136230 0.063477 0.063477
0 0.707520 0.446289 0.174805 0.087891
12 0.562500 0.815430 0.039062 0.058594
8 0.388672 0.173828 0.052734 0.052734
8 0.766113 0.120605 0.043945 0.043945
8 0.440918 0.498535 0.047852 0.047852
2 0.861328 0.609375 0.044922 0.044922
0 0.447754 0.310547 0.133789 0.087891
11 0.234863 0.509277 0.151367 0.077148
0 0.339355 0.812012 0.145508 0.069336
9 0.544434 0.525879 0.063477 0.063477
12 0.350586 0.513184 0.041016 0.073242
12 0.116211 0.110840 0.060547 0.061523
11 0.276855 0.242188 0.118164 0.070312
12 0.813477 0.885254 0.042969 0.051758
11 0.234375 0.344727 0.123047 0.056641