12 0.555176 0.196289 0.049805 0.076172
11 0.514648 0.751953 0.111328 0.068359
2 0.403809 0.577637 0.036133 0.036133
8 0.536621 0.434082 0.055664 0.055664
10 0.355957 0.840332 0.059570 0.059570
0 0.809082 0.245117 0.172852 0.085938
11 0.446289 0.268066 0.115234 0.055664
4 0.189453 0.285156 0.042969 0.042969
0 0.638184 0.543945 0.155273 0.066406
11 0.833984 0.376465 0.150391 0.065430
0 0.388672 0.418457 0.181641 0.083008
11 0.745605 0.127441 0.096680 0.071289
11 0.875977 0.598145 0.099609 0.067383
0 0.185547 0.176758 0.162109 0.078125
8 0.273438 0.082031 0.058594 0.058594
0 0.205078 0.898926 0.195312 0.069336
8 0.601074 0.863770 0.043945 0.043945
10 0.225586 0.675781 0.056641 0.056641