0 0.734375 0.725098 0.169922 0.061523
0 0.238281 0.170410 0.113281 0.086914
5 0.901367 0.376953 0.031250 0.031250
0 0.627930 0.567871 0.175781 0.069336
1 0.583496 0.392090 0.100586 0.065430
3 0.731445 0.334961 0.031250 0.031250
10 0.160156 0.614258 0.041016 0.041016
1 0.148438 0.821289 0.181641 0.074219
1 0.397949 0.418945 0.182617 0.054688
0 0.357910 0.734375 0.122070 0.054688
0 0.687500 0.202148 0.169922 0.085938
2 0.210938 0.682617 0.035156 0.035156
1 0.210449 0.397949 0.110352 0.061523
1 0.775879 0.083496 0.184570 0.063477