0 0.531738 0.388184 0.131836 0.086914
1 0.247559 0.702637 0.118164 0.049805
1 0.733398 0.452637 0.171875 0.067383
3 0.606445 0.898438 0.033203 0.033203
10 0.725098 0.293457 0.049805 0.049805
4 0.163086 0.067383 0.033203 0.033203
0 0.541992 0.208984 0.121094 0.083984
1 0.607910 0.772461 0.118164 0.050781
10 0.785156 0.776367 0.050781 0.050781
9 0.741699 0.558105 0.049805 0.049805
1 0.276367 0.232910 0.144531 0.061523
8 0.738770 0.653809 0.040039 0.040039
1 0.821777 0.885742 0.147461 0.076172
0 0.263672 0.482422 0.125000 0.060547
0 0.535645 0.664551 0.114258 0.083008