1 0.243652 0.143066 0.186523 0.049805
8 0.523438 0.333008 0.042969 0.042969
1 0.518066 0.633789 0.192383 0.060547
0 0.212402 0.613770 0.108398 0.083008
0 0.848145 0.915527 0.147461 0.049805
2 0.279785 0.380371 0.043945 0.043945
1 0.751953 0.405762 0.097656 0.063477
0 0.785645 0.279785 0.102539 0.049805
1 0.694336 0.107910 0.140625 0.051758
1 0.568848 0.502441 0.145508 0.073242
0 0.473145 0.838379 0.163086 0.059570
0 0.744629 0.803223 0.149414 0.049805
3 0.574707 0.142090 0.043945 0.043945
0 0.439453 0.225586 0.144531 0.076172
10 0.786133 0.490234 0.050781 0.050781