0 0.444824 0.584961 0.122070 0.093750
11 0.367188 0.787598 0.128906 0.057617
12 0.332031 0.479492 0.058594 0.062500
11 0.882324 0.363281 0.090820 0.072266
10 0.903809 0.776855 0.045898 0.045898
2 0.480469 0.850586 0.052734 0.052734
12 0.617188 0.637207 0.048828 0.057617
8 0.106934 0.835449 0.051758 0.051758
11 0.237305 0.318848 0.140625 0.051758
0 0.283691 0.090332 0.190430 0.083008
8 0.220215 0.197754 0.061523 0.061523
11 0.743164 0.775391 0.109375 0.052734
12 0.202637 0.906738 0.067383 0.071289
7 0.152832 0.639160 0.041992 0.041992
11 0.132812 0.425781 0.132812 0.066406
12 0.920410 0.878418 0.040039 0.069336