0 0.574707 0.846191 0.141602 0.084961
3 0.535156 0.352539 0.039062 0.039062
1 0.250977 0.093750 0.150391 0.062500
1 0.249512 0.795410 0.131836 0.063477
8 0.867676 0.679199 0.047852 0.047852
2 0.112305 0.741211 0.039062 0.039062
8 0.185059 0.333496 0.047852 0.047852
8 0.428223 0.404785 0.041992 0.041992
1 0.216797 0.564941 0.181641 0.075195
2 0.785156 0.590820 0.033203 0.033203
1 0.306641 0.220703 0.105469 0.058594
6 0.272461 0.696289 0.031250 0.031250
0 0.303223 0.416504 0.131836 0.065430
1 0.738770 0.379395 0.186523 0.053711
3 0.104004 0.813965 0.043945 0.043945