0 0.137695 0.835938 0.158203 0.058594
0 0.596191 0.351562 0.155273 0.064453
9 0.770508 0.794922 0.054688 0.054688
2 0.162598 0.135254 0.034180 0.034180
12 0.577637 0.497559 0.061523 0.063477
8 0.805664 0.608398 0.060547 0.060547
0 0.226074 0.482910 0.182617 0.090820
9 0.762695 0.697266 0.046875 0.046875
8 0.392578 0.749023 0.046875 0.046875
11 0.863281 0.487793 0.148438 0.075195
0 0.340332 0.851562 0.149414 0.087891
12 0.527344 0.749512 0.058594 0.061523
11 0.862305 0.768066 0.097656 0.065430
8 0.639648 0.131836 0.058594 0.058594
7 0.281738 0.579590 0.036133 0.036133
12 0.618652 0.628906 0.061523 0.054688
0 0.549805 0.260254 0.171875 0.079102