0 0.386719 0.710938 0.171875 0.095703
11 0.262207 0.259277 0.153320 0.063477
11 0.234863 0.550781 0.104492 0.052734
10 0.823730 0.766113 0.057617 0.057617
12 0.438477 0.469727 0.058594 0.054688
8 0.427246 0.924316 0.045898 0.045898
0 0.483887 0.198242 0.139648 0.066406
11 0.648438 0.871582 0.126953 0.077148
0 0.628906 0.312500 0.185547 0.083984
12 0.763184 0.174316 0.061523 0.077148
12 0.812988 0.654297 0.051758 0.070312
8 0.923340 0.890137 0.047852 0.047852
10 0.907715 0.237793 0.063477 0.063477
2 0.741699 0.710449 0.040039 0.040039
8 0.532227 0.469727 0.062500 0.062500
4 0.244629 0.142090 0.040039 0.040039
12 0.151855 0.464844 0.047852 0.066406
0 0.268555 0.340820 0.167969 0.066406