6 0.488770 0.581543 0.036133 0.036133
10 0.174805 0.372070 0.046875 0.046875
9 0.690430 0.164062 0.046875 0.046875
12 0.235352 0.606934 0.039062 0.065430
2 0.189941 0.092285 0.051758 0.051758
12 0.853027 0.830078 0.057617 0.054688
11 0.448242 0.806152 0.130859 0.073242
12 0.279785 0.367188 0.055664 0.058594
2 0.713379 0.709473 0.051758 0.051758
9 0.444824 0.645996 0.053711 0.053711
12 0.635254 0.737305 0.057617 0.064453
8 0.879883 0.375000 0.060547 0.060547
4 0.362793 0.096191 0.034180 0.034180
8 0.618164 0.638672 0.058594 0.058594