10 0.504883 0.723633 0.052734 0.052734
8 0.653809 0.882324 0.045898 0.045898
12 0.162109 0.190918 0.062500 0.063477
9 0.700195 0.446289 0.054688 0.054688
8 0.915039 0.701172 0.060547 0.060547
10 0.804688 0.481445 0.044922 0.044922
12 0.338379 0.777832 0.041992 0.051758
9 0.525879 0.864746 0.061523 0.061523
10 0.857422 0.555664 0.046875 0.046875
4 0.300781 0.521484 0.044922 0.044922
0 0.700195 0.288086 0.142578 0.076172
12 0.555664 0.232422 0.039062 0.056641
11 0.140137 0.577637 0.129883 0.069336
0 0.678711 0.540527 0.134766 0.065430