12 0.916992 0.099609 0.064453 0.076172
8 0.921387 0.775879 0.047852 0.047852
0 0.755859 0.219727 0.164062 0.058594
9 0.321289 0.874023 0.046875 0.046875
12 0.551758 0.318848 0.048828 0.065430
9 0.304688 0.576172 0.044922 0.044922
3 0.075684 0.229004 0.045898 0.045898
5 0.287109 0.316406 0.041016 0.041016
11 0.725098 0.729492 0.100586 0.072266
11 0.693359 0.479492 0.091797 0.062500
12 0.194336 0.290039 0.056641 0.050781
11 0.397949 0.715820 0.114258 0.064453
10 0.582031 0.428711 0.050781 0.050781
12 0.529785 0.528320 0.065430 0.078125
11 0.137207 0.843262 0.088867 0.067383
12 0.830078 0.698242 0.058594 0.076172
5 0.725098 0.313965 0.047852 0.047852