0 0.537598 0.718750 0.122070 0.060547
0 0.219238 0.635254 0.147461 0.069336
0 0.778320 0.283691 0.130859 0.083008
2 0.901855 0.576660 0.043945 0.043945
0 0.590820 0.554199 0.123047 0.073242
8 0.628906 0.077148 0.046875 0.046875
5 0.917969 0.709961 0.046875 0.046875
1 0.392090 0.822754 0.180664 0.053711
1 0.209473 0.268066 0.194336 0.075195
6 0.190430 0.114258 0.046875 0.046875
6 0.536133 0.403320 0.035156 0.035156
1 0.339355 0.438965 0.178711 0.063477
7 0.801758 0.834961 0.035156 0.035156
10 0.760254 0.909668 0.057617 0.057617
9 0.110840 0.520020 0.040039 0.040039