2 0.817383 0.148438 0.046875 0.046875
4 0.256348 0.433105 0.043945 0.043945
3 0.372559 0.156738 0.040039 0.040039
11 0.158691 0.854980 0.108398 0.055664
0 0.643066 0.305176 0.166992 0.092773
9 0.373535 0.792480 0.061523 0.061523
0 0.710449 0.713379 0.165039 0.096680
4 0.376465 0.298340 0.038086 0.038086
12 0.268555 0.586914 0.044922 0.070312
0 0.688965 0.603027 0.165039 0.086914
0 0.372559 0.683105 0.161133 0.090820
2 0.823730 0.866699 0.043945 0.043945
8 0.158203 0.538086 0.048828 0.048828
8 0.810547 0.443359 0.060547 0.060547
12 0.505859 0.674805 0.052734 0.070312
7 0.865723 0.370605 0.036133 0.036133
12 0.230957 0.235352 0.055664 0.054688
0 0.533203 0.887695 0.177734 0.064453