0 0.826172 0.432617 0.193359 0.072266
11 0.678223 0.308105 0.094727 0.063477
0 0.387207 0.341309 0.186523 0.088867
12 0.086914 0.284180 0.056641 0.078125
0 0.486328 0.637695 0.158203 0.072266
10 0.816895 0.837402 0.055664 0.055664
5 0.137695 0.357422 0.035156 0.035156
11 0.114258 0.581055 0.123047 0.078125
6 0.807617 0.350586 0.037109 0.037109
8 0.713379 0.632324 0.055664 0.055664
3 0.793945 0.537109 0.042969 0.042969
2 0.269531 0.535156 0.035156 0.035156
10 0.250000 0.415039 0.054688 0.054688
12 0.653809 0.418457 0.055664 0.071289