12 0.326660 0.518555 0.063477 0.048828
4 0.364258 0.696289 0.039062 0.039062
11 0.703125 0.689941 0.140625 0.069336
9 0.538574 0.450684 0.059570 0.059570
11 0.169434 0.215332 0.114258 0.053711
11 0.448730 0.121094 0.122070 0.066406
12 0.352539 0.870605 0.041016 0.049805
11 0.558105 0.837402 0.106445 0.051758
12 0.900879 0.577148 0.057617 0.070312
7 0.284180 0.432617 0.037109 0.037109
11 0.104492 0.870605 0.107422 0.069336
9 0.910645 0.196777 0.049805 0.049805
2 0.409668 0.258301 0.038086 0.038086
7 0.324707 0.271973 0.053711 0.053711
4 0.414062 0.512695 0.044922 0.044922
0 0.680664 0.241211 0.125000 0.087891
8 0.779785 0.450684 0.043945 0.043945