1 0.352539 0.835938 0.179688 0.058594
0 0.294922 0.209473 0.140625 0.063477
10 0.875488 0.827637 0.053711 0.053711
1 0.437012 0.562500 0.135742 0.076172
7 0.115723 0.681152 0.036133 0.036133
3 0.097656 0.211914 0.044922 0.044922
0 0.594727 0.328125 0.126953 0.048828
0 0.712891 0.474609 0.121094 0.048828
9 0.563477 0.160156 0.039062 0.039062
8 0.092285 0.587402 0.043945 0.043945
0 0.450684 0.231934 0.112305 0.051758
0 0.161621 0.914062 0.137695 0.070312
1 0.729492 0.810059 0.101562 0.065430
0 0.835938 0.589844 0.166016 0.074219
1 0.343262 0.319336 0.147461 0.078125