0 0.315918 0.527344 0.184570 0.078125
0 0.585938 0.590820 0.144531 0.089844
11 0.439453 0.190918 0.142578 0.057617
3 0.270508 0.752930 0.044922 0.044922
2 0.757324 0.235840 0.043945 0.043945
7 0.135254 0.617676 0.041992 0.041992
11 0.463867 0.308105 0.103516 0.049805
8 0.870605 0.770020 0.043945 0.043945
0 0.775879 0.488770 0.178711 0.069336
0 0.615723 0.357422 0.141602 0.080078
0 0.642090 0.197754 0.133789 0.088867
12 0.145508 0.842285 0.039062 0.067383
12 0.258301 0.108398 0.065430 0.058594
8 0.608398 0.820312 0.044922 0.044922