10 0.725098 0.415527 0.057617 0.057617
2 0.215820 0.535156 0.039062 0.039062
5 0.310547 0.190430 0.046875 0.046875
11 0.592285 0.375977 0.112305 0.060547
11 0.566406 0.827637 0.111328 0.075195
11 0.269531 0.796387 0.117188 0.069336
6 0.620605 0.530762 0.053711 0.053711
0 0.826172 0.086914 0.169922 0.070312
9 0.329590 0.483887 0.047852 0.047852
12 0.195801 0.277344 0.063477 0.058594
12 0.070801 0.191406 0.041992 0.064453
5 0.923340 0.409668 0.034180 0.034180
11 0.408203 0.346680 0.134766 0.064453
12 0.087402 0.458984 0.040039 0.058594
6 0.686035 0.086426 0.038086 0.038086