4 0.151855 0.432129 0.030273 0.030273
0 0.601562 0.562988 0.099609 0.055664
0 0.340332 0.224121 0.118164 0.084961
0 0.122559 0.271484 0.100586 0.064453
9 0.427734 0.839844 0.056641 0.056641
0 0.781250 0.300781 0.134766 0.085938
1 0.449219 0.108887 0.167969 0.069336
5 0.386719 0.610352 0.035156 0.035156
1 0.424316 0.416992 0.151367 0.056641
9 0.629395 0.145996 0.043945 0.043945
1 0.225586 0.638672 0.132812 0.072266
10 0.457520 0.309082 0.043945 0.043945
0 0.800781 0.417480 0.142578 0.063477
1 0.471191 0.506348 0.106445 0.073242