2 0.458496 0.335449 0.043945 0.043945
0 0.278320 0.478516 0.167969 0.052734
6 0.089355 0.518066 0.041992 0.041992
0 0.606445 0.381348 0.115234 0.053711
9 0.415527 0.103027 0.053711 0.053711
4 0.707031 0.511719 0.035156 0.035156
1 0.716797 0.154297 0.181641 0.070312
10 0.827637 0.925293 0.043945 0.043945
9 0.612305 0.775391 0.041016 0.041016
10 0.368164 0.336914 0.050781 0.050781
1 0.128906 0.295898 0.099609 0.050781
10 0.604004 0.562012 0.040039 0.040039
10 0.799805 0.268555 0.052734 0.052734
1 0.397461 0.804688 0.152344 0.074219