7 0.562988 0.711426 0.040039 0.040039
11 0.114746 0.229980 0.112305 0.059570
5 0.878418 0.389160 0.043945 0.043945
12 0.115234 0.131348 0.048828 0.053711
2 0.365234 0.631836 0.039062 0.039062
11 0.509766 0.577637 0.146484 0.073242
0 0.354492 0.426270 0.158203 0.073242
0 0.134277 0.384277 0.145508 0.092773
8 0.863770 0.643066 0.063477 0.063477
7 0.722168 0.072754 0.040039 0.040039
12 0.651855 0.249512 0.043945 0.069336
9 0.819824 0.532715 0.053711 0.053711
12 0.760742 0.864746 0.042969 0.071289
10 0.187012 0.755371 0.053711 0.053711
12 0.651855 0.897461 0.063477 0.066406