2 0.444824 0.308105 0.041992 0.041992
9 0.582520 0.433105 0.053711 0.053711
4 0.366211 0.080078 0.039062 0.039062
0 0.427246 0.817871 0.133789 0.079102
6 0.123535 0.545410 0.036133 0.036133
8 0.083008 0.894531 0.052734 0.052734
0 0.300781 0.570801 0.136719 0.069336
8 0.096191 0.164551 0.047852 0.047852
1 0.797363 0.503418 0.178711 0.059570
1 0.226074 0.242188 0.120117 0.058594
1 0.617188 0.594238 0.134766 0.067383
0 0.166016 0.333008 0.107422 0.068359
8 0.605469 0.801758 0.048828 0.048828
0 0.729980 0.291504 0.143555 0.055664