9 0.784668 0.720215 0.061523 0.061523
8 0.216797 0.424805 0.054688 0.054688
10 0.213379 0.807129 0.055664 0.055664
12 0.379395 0.680664 0.063477 0.058594
2 0.356934 0.100098 0.041992 0.041992
9 0.796875 0.593750 0.046875 0.046875
11 0.244629 0.695801 0.118164 0.075195
12 0.643066 0.087402 0.063477 0.057617
0 0.834961 0.391602 0.125000 0.095703
0 0.846191 0.135742 0.147461 0.085938
7 0.278809 0.154785 0.053711 0.053711
11 0.673340 0.214355 0.088867 0.051758
9 0.637207 0.788574 0.049805 0.049805
11 0.856934 0.804199 0.143555 0.065430
0 0.338379 0.396973 0.139648 0.081055
2 0.705566 0.826660 0.043945 0.043945
12 0.181641 0.533203 0.064453 0.048828