4 0.507324 0.727051 0.041992 0.041992
1 0.569824 0.516113 0.147461 0.071289
8 0.326172 0.338867 0.044922 0.044922
9 0.356445 0.625000 0.042969 0.042969
8 0.206055 0.203125 0.042969 0.042969
1 0.725098 0.264160 0.166992 0.059570
8 0.761230 0.770020 0.041992 0.041992
0 0.175293 0.625488 0.163086 0.086914
4 0.758789 0.105469 0.041016 0.041016
0 0.526855 0.161133 0.102539 0.070312
0 0.870117 0.866211 0.109375 0.085938
5 0.234863 0.822754 0.038086 0.038086
0 0.307617 0.433105 0.126953 0.055664
8 0.427734 0.380859 0.050781 0.050781