1 0.417480 0.630371 0.145508 0.075195
0 0.655273 0.160156 0.111328 0.087891
3 0.874023 0.086914 0.035156 0.035156
0 0.665527 0.427734 0.166992 0.054688
0 0.168457 0.300293 0.145508 0.083008
1 0.566895 0.317871 0.159180 0.061523
4 0.140137 0.500488 0.036133 0.036133
8 0.697754 0.277832 0.041992 0.041992
2 0.653320 0.852539 0.048828 0.048828
0 0.434082 0.102539 0.165039 0.082031
1 0.816406 0.790039 0.134766 0.076172
10 0.075195 0.510742 0.046875 0.046875
0 0.253906 0.810547 0.132812 0.058594
6 0.260254 0.401855 0.047852 0.047852
0 0.474121 0.816406 0.170898 0.082031