7 0.399414 0.134766 0.042969 0.042969
12 0.638672 0.605957 0.042969 0.061523
0 0.231934 0.478516 0.182617 0.085938
11 0.460938 0.793945 0.134766 0.064453
12 0.807129 0.629395 0.040039 0.055664
12 0.648438 0.091309 0.048828 0.063477
11 0.375977 0.583496 0.148438 0.057617
0 0.679688 0.717773 0.140625 0.068359
9 0.601562 0.349609 0.050781 0.050781
12 0.889648 0.630859 0.062500 0.054688
3 0.814453 0.329102 0.035156 0.035156
11 0.213867 0.235352 0.117188 0.078125
8 0.550293 0.134277 0.053711 0.053711