12 0.625977 0.470703 0.060547 0.074219
11 0.539551 0.376465 0.118164 0.069336
0 0.804688 0.641602 0.136719 0.076172
9 0.914551 0.106934 0.055664 0.055664
5 0.802246 0.795410 0.034180 0.034180
11 0.385742 0.113281 0.109375 0.052734
11 0.616699 0.229980 0.108398 0.075195
0 0.298340 0.749512 0.192383 0.059570
12 0.701660 0.076172 0.040039 0.054688
11 0.864746 0.390625 0.100586 0.066406
9 0.325195 0.654297 0.054688 0.054688
11 0.679688 0.824707 0.109375 0.059570
0 0.237305 0.434570 0.177734 0.070312
12 0.791504 0.855957 0.057617 0.051758
2 0.717285 0.368652 0.038086 0.038086