7 0.520508 0.697266 0.048828 0.048828
3 0.133789 0.824219 0.037109 0.037109
11 0.469727 0.406250 0.128906 0.054688
11 0.332520 0.250488 0.092773 0.065430
0 0.145020 0.462891 0.122070 0.062500
8 0.103516 0.307617 0.062500 0.062500
0 0.741211 0.881836 0.164062 0.091797
10 0.771973 0.320801 0.047852 0.047852
12 0.271973 0.647949 0.043945 0.071289
10 0.324219 0.485352 0.044922 0.044922
9 0.854492 0.277344 0.044922 0.044922
11 0.622070 0.599121 0.107422 0.067383
12 0.181641 0.137207 0.042969 0.061523
9 0.746094 0.452148 0.054688 0.054688
6 0.434082 0.580566 0.053711 0.053711
12 0.395508 0.085938 0.068359 0.074219