0 0.330566 0.507812 0.135742 0.070312
0 0.767578 0.396973 0.099609 0.063477
8 0.802734 0.611328 0.044922 0.044922
0 0.608398 0.869141 0.150391 0.072266
0 0.243652 0.300293 0.114258 0.079102
10 0.882812 0.457031 0.054688 0.054688
5 0.522949 0.238770 0.036133 0.036133
0 0.688477 0.238281 0.123047 0.050781
8 0.528320 0.781250 0.054688 0.054688
0 0.298828 0.773438 0.148438 0.052734
7 0.100586 0.893555 0.035156 0.035156
8 0.880371 0.801270 0.051758 0.051758
0 0.876465 0.160645 0.129883 0.071289
9 0.412598 0.329590 0.043945 0.043945
0 0.185547 0.094238 0.146484 0.059570