7 0.124512 0.904785 0.040039 0.040039
5 0.243164 0.816406 0.035156 0.035156
0 0.556152 0.101074 0.149414 0.092773
0 0.314453 0.214355 0.136719 0.075195
11 0.594238 0.864258 0.155273 0.068359
11 0.285645 0.588379 0.092773 0.061523
11 0.695801 0.356445 0.139648 0.060547
5 0.072266 0.409180 0.035156 0.035156
8 0.467285 0.349121 0.057617 0.057617
9 0.118164 0.500977 0.060547 0.060547
8 0.644043 0.571777 0.049805 0.049805
12 0.432617 0.769531 0.050781 0.060547
8 0.556641 0.393555 0.044922 0.044922
9 0.850586 0.785156 0.060547 0.060547
12 0.893066 0.085938 0.053711 0.062500