12 0.609375 0.500000 0.046875 0.074219
12 0.134766 0.385254 0.041016 0.055664
9 0.145508 0.193359 0.050781 0.050781
11 0.324707 0.094727 0.112305 0.072266
12 0.103516 0.847656 0.066406 0.072266
12 0.253906 0.206055 0.048828 0.062500
11 0.851074 0.161133 0.088867 0.050781
6 0.531250 0.807617 0.037109 0.037109
11 0.285156 0.608887 0.103516 0.065430
12 0.481934 0.150391 0.063477 0.068359
12 0.288086 0.295898 0.062500 0.052734
2 0.524414 0.271484 0.050781 0.050781
11 0.659668 0.094238 0.092773 0.073242
9 0.674805 0.243164 0.054688 0.054688
11 0.708496 0.625488 0.120117 0.069336
2 0.302246 0.801270 0.049805 0.049805
0 0.832031 0.856445 0.144531 0.097656