11 0.176758 0.503906 0.121094 0.052734
11 0.166504 0.316406 0.122070 0.048828
11 0.289551 0.894531 0.118164 0.072266
0 0.792480 0.809082 0.133789 0.083008
0 0.509277 0.579102 0.122070 0.062500
3 0.506348 0.754395 0.043945 0.043945
0 0.468750 0.367676 0.146484 0.075195
12 0.760742 0.109375 0.041016 0.066406
10 0.588867 0.800781 0.044922 0.044922
11 0.683594 0.453613 0.154297 0.053711
0 0.356445 0.179688 0.142578 0.091797
12 0.837891 0.230957 0.044922 0.067383
11 0.171875 0.687500 0.136719 0.058594
9 0.080078 0.423828 0.062500 0.062500
9 0.577637 0.899902 0.049805 0.049805
0 0.755371 0.335449 0.137695 0.073242
0 0.552734 0.180176 0.175781 0.090820