0 0.453125 0.158203 0.169922 0.091797
4 0.406738 0.740723 0.034180 0.034180
0 0.796875 0.160645 0.185547 0.061523
0 0.396973 0.882324 0.137695 0.083008
11 0.192383 0.766113 0.099609 0.063477
8 0.155762 0.334473 0.045898 0.045898
6 0.604980 0.589355 0.040039 0.040039
4 0.481934 0.403809 0.041992 0.041992
0 0.850586 0.592773 0.166016 0.068359
0 0.865723 0.312500 0.153320 0.082031
11 0.619141 0.219727 0.093750 0.078125
11 0.547852 0.855469 0.126953 0.048828
10 0.421387 0.455566 0.047852 0.047852
4 0.396484 0.306641 0.039062 0.039062
7 0.535645 0.527832 0.043945 0.043945
0 0.114258 0.854980 0.126953 0.067383