0 0.646484 0.764648 0.166016 0.060547
3 0.603027 0.508301 0.034180 0.034180
11 0.155762 0.425781 0.149414 0.060547
3 0.313477 0.893555 0.039062 0.039062
2 0.273926 0.191895 0.040039 0.040039
10 0.190430 0.909180 0.056641 0.056641
4 0.900391 0.902344 0.046875 0.046875
9 0.475586 0.103516 0.062500 0.062500
8 0.357910 0.644043 0.057617 0.057617
12 0.846191 0.339355 0.065430 0.071289
12 0.877441 0.580566 0.045898 0.069336
0 0.161621 0.265625 0.147461 0.060547
9 0.751953 0.904297 0.062500 0.062500
11 0.719238 0.402832 0.096680 0.053711
0 0.544922 0.852539 0.156250 0.064453