6 0.487793 0.573730 0.030273 0.030273
8 0.698242 0.911133 0.048828 0.048828
7 0.078613 0.897949 0.043945 0.043945
10 0.445312 0.347656 0.058594 0.058594
3 0.380859 0.777344 0.046875 0.046875
0 0.244141 0.545410 0.146484 0.055664
5 0.896484 0.576172 0.035156 0.035156
2 0.279297 0.618164 0.044922 0.044922
10 0.517090 0.802246 0.047852 0.047852
0 0.237793 0.822266 0.153320 0.052734
8 0.467285 0.260254 0.053711 0.053711
1 0.208496 0.287598 0.157227 0.051758
0 0.615234 0.520020 0.103516 0.083008
9 0.604492 0.383789 0.052734 0.052734