5 0.386719 0.413086 0.033203 0.033203
10 0.767090 0.909668 0.047852 0.047852
10 0.285645 0.503418 0.055664 0.055664
7 0.324707 0.696777 0.030273 0.030273
7 0.559082 0.795410 0.038086 0.038086
1 0.591309 0.644043 0.186523 0.059570
0 0.125977 0.189941 0.101562 0.055664
0 0.695312 0.748047 0.123047 0.068359
8 0.346680 0.123047 0.044922 0.044922
0 0.515137 0.555176 0.131836 0.065430
1 0.778809 0.251953 0.118164 0.070312
7 0.205566 0.305176 0.032227 0.032227
0 0.684570 0.123535 0.138672 0.071289
6 0.923828 0.371094 0.041016 0.041016
6 0.409180 0.499023 0.037109 0.037109