0 0.298828 0.647461 0.166016 0.091797
11 0.870605 0.118164 0.098633 0.062500
0 0.158691 0.747559 0.194336 0.077148
6 0.277832 0.402832 0.038086 0.038086
0 0.203125 0.135254 0.158203 0.069336
2 0.927734 0.592773 0.037109 0.037109
9 0.645020 0.709473 0.043945 0.043945
8 0.188477 0.829102 0.050781 0.050781
4 0.849609 0.232422 0.039062 0.039062
12 0.808594 0.766602 0.048828 0.066406
12 0.481445 0.202637 0.064453 0.075195
0 0.543945 0.742188 0.125000 0.058594
11 0.172363 0.499023 0.147461 0.074219
11 0.621094 0.353516 0.101562 0.054688
12 0.562500 0.569824 0.046875 0.059570