0 0.637695 0.689941 0.162109 0.061523
11 0.830566 0.551270 0.147461 0.057617
0 0.240723 0.123535 0.147461 0.094727
5 0.298340 0.545410 0.043945 0.043945
12 0.343750 0.864746 0.044922 0.057617
11 0.490723 0.730469 0.094727 0.058594
11 0.366211 0.374512 0.121094 0.053711
7 0.869141 0.714844 0.046875 0.046875
6 0.586426 0.490723 0.051758 0.051758
6 0.633789 0.556641 0.044922 0.044922
4 0.886719 0.812500 0.044922 0.044922
2 0.250977 0.806641 0.042969 0.042969
0 0.478027 0.204590 0.186523 0.088867
0 0.834473 0.269531 0.133789 0.089844
12 0.691406 0.907227 0.046875 0.074219
10 0.479980 0.076660 0.045898 0.045898