10 0.657227 0.221680 0.042969 0.042969
10 0.835938 0.321289 0.054688 0.054688
3 0.703613 0.792480 0.043945 0.043945
2 0.684570 0.526367 0.048828 0.048828
4 0.437500 0.189453 0.044922 0.044922
1 0.282227 0.529297 0.158203 0.062500
1 0.459473 0.305176 0.137695 0.057617
6 0.184082 0.907715 0.030273 0.030273
2 0.071289 0.125000 0.039062 0.039062
1 0.414551 0.416504 0.176758 0.065430
1 0.707031 0.437988 0.193359 0.063477
0 0.189453 0.822754 0.167969 0.086914
0 0.582520 0.663086 0.112305 0.085938
1 0.510254 0.541992 0.124023 0.072266
10 0.228516 0.361328 0.056641 0.056641