3 0.094727 0.607422 0.037109 0.037109
12 0.863281 0.401855 0.042969 0.053711
8 0.793945 0.631836 0.048828 0.048828
12 0.356445 0.438477 0.064453 0.074219
0 0.297852 0.700195 0.160156 0.062500
12 0.508301 0.514648 0.047852 0.074219
6 0.624023 0.235352 0.052734 0.052734
2 0.268066 0.444824 0.049805 0.049805
11 0.498047 0.259277 0.150391 0.057617
10 0.845703 0.179688 0.060547 0.060547
0 0.782715 0.714844 0.133789 0.072266
12 0.296387 0.235352 0.067383 0.072266
11 0.470215 0.371582 0.125977 0.063477
12 0.505859 0.174805 0.042969 0.048828
0 0.157227 0.371094 0.177734 0.064453
11 0.453613 0.099609 0.096680 0.068359
2 0.524414 0.599609 0.039062 0.039062