11 0.221680 0.465332 0.089844 0.055664
9 0.811035 0.745605 0.057617 0.057617
8 0.641602 0.666016 0.056641 0.056641
12 0.736328 0.189453 0.048828 0.064453
11 0.107910 0.689941 0.098633 0.061523
10 0.527344 0.782227 0.044922 0.044922
0 0.311523 0.220703 0.150391 0.091797
0 0.438477 0.111328 0.156250 0.062500
4 0.866699 0.855957 0.040039 0.040039
9 0.446777 0.359863 0.057617 0.057617
12 0.810547 0.305176 0.058594 0.059570
8 0.640137 0.770020 0.043945 0.043945
11 0.427734 0.466309 0.152344 0.071289
0 0.289551 0.741699 0.182617 0.073242
11 0.713379 0.402832 0.094727 0.073242
7 0.372559 0.652832 0.045898 0.045898
0 0.151367 0.163574 0.138672 0.059570