5 0.214844 0.412109 0.035156 0.035156
9 0.584961 0.868164 0.058594 0.058594
0 0.873047 0.707520 0.132812 0.094727
9 0.515625 0.779297 0.052734 0.052734
11 0.844727 0.503906 0.144531 0.070312
11 0.341309 0.595703 0.127930 0.050781
10 0.217285 0.810059 0.063477 0.063477
0 0.740723 0.856934 0.127930 0.079102
11 0.526855 0.371582 0.143555 0.077148
9 0.836426 0.208496 0.061523 0.061523
11 0.635742 0.149902 0.097656 0.057617
11 0.533691 0.694336 0.100586 0.066406
0 0.258789 0.121582 0.136719 0.061523
12 0.449707 0.153320 0.041992 0.078125
7 0.387695 0.924805 0.046875 0.046875
9 0.318848 0.710449 0.053711 0.053711
3 0.672852 0.639648 0.035156 0.035156
12 0.698730 0.493164 0.049805 0.058594