1 0.252441 0.699707 0.151367 0.069336
0 0.119141 0.288574 0.101562 0.051758
8 0.896973 0.419434 0.043945 0.043945
10 0.837402 0.261230 0.053711 0.053711
2 0.098145 0.575684 0.047852 0.047852
0 0.813477 0.525879 0.107422 0.071289
4 0.844727 0.349609 0.048828 0.048828
1 0.425293 0.620605 0.127930 0.063477
3 0.609375 0.108398 0.048828 0.048828
1 0.720215 0.761230 0.151367 0.059570
6 0.356445 0.250000 0.042969 0.042969
0 0.143066 0.896484 0.135742 0.068359
4 0.538574 0.187988 0.047852 0.047852
1 0.332520 0.427734 0.149414 0.066406