0 0.453125 0.225098 0.132812 0.073242
0 0.804199 0.838379 0.098633 0.077148
7 0.662109 0.887695 0.041016 0.041016
1 0.680176 0.334961 0.192383 0.066406
3 0.582520 0.661621 0.030273 0.030273
0 0.167969 0.649414 0.173828 0.076172
8 0.167969 0.511719 0.039062 0.039062
0 0.192871 0.285645 0.112305 0.086914
0 0.457031 0.723633 0.117188 0.080078
9 0.235352 0.181641 0.050781 0.050781
0 0.608887 0.521973 0.116211 0.071289
9 0.165527 0.086426 0.043945 0.043945
0 0.512207 0.913086 0.114258 0.052734
0 0.382324 0.909668 0.098633 0.061523
0 0.894043 0.128906 0.102539 0.050781