11 0.176270 0.226074 0.137695 0.051758
5 0.579590 0.583496 0.034180 0.034180
12 0.453613 0.184082 0.049805 0.053711
8 0.364746 0.888184 0.059570 0.059570
0 0.862305 0.802246 0.175781 0.096680
10 0.731445 0.217773 0.060547 0.060547
0 0.622559 0.477051 0.147461 0.077148
0 0.485352 0.360840 0.148438 0.061523
11 0.198730 0.489258 0.153320 0.052734
7 0.700195 0.081055 0.035156 0.035156
11 0.379883 0.699707 0.134766 0.055664
4 0.107422 0.123047 0.052734 0.052734
11 0.174805 0.665039 0.095703 0.052734
9 0.834473 0.598145 0.063477 0.063477
12 0.503418 0.572754 0.057617 0.077148
8 0.537109 0.806641 0.056641 0.056641