10 0.287109 0.231445 0.044922 0.044922
12 0.453125 0.683594 0.060547 0.076172
8 0.543457 0.445801 0.061523 0.061523
0 0.503418 0.145020 0.143555 0.073242
5 0.217285 0.226074 0.051758 0.051758
9 0.567871 0.689941 0.053711 0.053711
0 0.396973 0.797852 0.170898 0.078125
0 0.185059 0.515625 0.129883 0.087891
11 0.666016 0.347656 0.138672 0.054688
12 0.158691 0.327148 0.045898 0.074219
8 0.736328 0.273438 0.048828 0.048828
8 0.206055 0.880859 0.048828 0.048828
9 0.681152 0.809082 0.053711 0.053711
5 0.902832 0.121582 0.041992 0.041992
0 0.798340 0.795898 0.139648 0.082031
9 0.192383 0.785156 0.056641 0.056641