0 0.142578 0.232910 0.187500 0.069336
7 0.446777 0.242676 0.051758 0.051758
12 0.073730 0.577637 0.049805 0.065430
7 0.630371 0.114746 0.047852 0.047852
12 0.599121 0.599609 0.045898 0.064453
0 0.882324 0.173828 0.120117 0.080078
12 0.452637 0.111328 0.045898 0.062500
11 0.883301 0.574219 0.100586 0.058594
11 0.254395 0.672852 0.155273 0.072266
8 0.915527 0.743652 0.055664 0.055664
0 0.729004 0.740234 0.174805 0.062500
0 0.197754 0.813965 0.159180 0.075195
0 0.442871 0.373535 0.145508 0.065430
3 0.482422 0.878906 0.037109 0.037109
11 0.741211 0.822266 0.126953 0.050781
11 0.701172 0.575195 0.123047 0.064453
11 0.772461 0.392090 0.130859 0.061523
8 0.511230 0.610840 0.059570 0.059570