9 0.897949 0.751465 0.051758 0.051758
11 0.313477 0.797852 0.134766 0.060547
0 0.636230 0.530273 0.161133 0.078125
12 0.295410 0.492188 0.061523 0.058594
0 0.738281 0.810547 0.164062 0.097656
9 0.724609 0.630859 0.052734 0.052734
10 0.924316 0.364746 0.053711 0.053711
12 0.113770 0.854492 0.041992 0.050781
10 0.854492 0.273438 0.052734 0.052734
12 0.564453 0.203125 0.068359 0.056641
12 0.205078 0.595703 0.042969 0.064453
6 0.586914 0.674805 0.037109 0.037109
3 0.235352 0.721680 0.041016 0.041016
12 0.176758 0.440918 0.048828 0.055664