11 0.639160 0.335938 0.106445 0.062500
8 0.688965 0.462402 0.055664 0.055664
12 0.910156 0.305176 0.064453 0.057617
4 0.885742 0.138672 0.035156 0.035156
0 0.461914 0.540039 0.150391 0.064453
11 0.819824 0.809570 0.092773 0.074219
8 0.484863 0.760254 0.047852 0.047852
12 0.875977 0.470703 0.050781 0.052734
3 0.727051 0.123535 0.038086 0.038086
12 0.789062 0.323730 0.041016 0.051758
10 0.187988 0.439941 0.061523 0.061523
0 0.213867 0.578613 0.164062 0.081055
11 0.543945 0.883301 0.115234 0.057617
11 0.429688 0.376953 0.126953 0.048828
12 0.446289 0.264160 0.066406 0.075195
5 0.606934 0.613770 0.053711 0.053711
11 0.574707 0.173340 0.112305 0.063477
11 0.137207 0.318848 0.137695 0.071289