9 0.438477 0.848633 0.060547 0.060547
11 0.651367 0.774902 0.146484 0.055664
11 0.758789 0.358398 0.125000 0.066406
12 0.806152 0.671387 0.051758 0.071289
6 0.802734 0.444336 0.048828 0.048828
0 0.648926 0.238770 0.184570 0.084961
5 0.111328 0.210938 0.050781 0.050781
10 0.080566 0.619629 0.059570 0.059570
10 0.491699 0.326660 0.059570 0.059570
11 0.708496 0.133301 0.088867 0.065430
7 0.343262 0.526855 0.053711 0.053711
6 0.226562 0.629883 0.048828 0.048828
11 0.698730 0.472168 0.092773 0.055664
11 0.261230 0.259277 0.110352 0.059570
11 0.889648 0.253906 0.113281 0.070312