7 0.667480 0.860840 0.040039 0.040039
11 0.871582 0.125000 0.108398 0.058594
12 0.574707 0.191895 0.063477 0.069336
8 0.355957 0.130371 0.051758 0.051758
11 0.730469 0.322754 0.150391 0.069336
12 0.074219 0.506348 0.039062 0.057617
12 0.234375 0.588867 0.066406 0.062500
0 0.483398 0.380859 0.146484 0.058594
8 0.188477 0.289062 0.060547 0.060547
3 0.597656 0.620117 0.046875 0.046875
0 0.382812 0.581055 0.162109 0.085938
12 0.464355 0.914551 0.059570 0.065430
3 0.549316 0.696777 0.045898 0.045898
12 0.496094 0.209473 0.050781 0.051758
0 0.746582 0.488281 0.188477 0.085938
0 0.151855 0.731445 0.161133 0.091797
8 0.407227 0.263672 0.056641 0.056641