1 0.135742 0.857422 0.107422 0.050781
8 0.618652 0.368652 0.041992 0.041992
6 0.588379 0.809082 0.045898 0.045898
10 0.809082 0.813965 0.055664 0.055664
0 0.713867 0.134766 0.138672 0.072266
5 0.189941 0.516113 0.047852 0.047852
0 0.176270 0.130371 0.170898 0.079102
5 0.257324 0.213379 0.032227 0.032227
10 0.250977 0.902344 0.056641 0.056641
1 0.658203 0.465820 0.109375 0.066406
6 0.916992 0.746094 0.041016 0.041016
8 0.102539 0.458984 0.046875 0.046875
0 0.471191 0.423828 0.149414 0.080078
0 0.830566 0.536621 0.161133 0.071289
7 0.821777 0.284668 0.043945 0.043945