7 0.659180 0.724609 0.044922 0.044922
6 0.339844 0.211914 0.031250 0.031250
8 0.142578 0.571289 0.044922 0.044922
1 0.337402 0.537109 0.186523 0.060547
1 0.691895 0.245117 0.188477 0.076172
0 0.639160 0.476562 0.108398 0.054688
3 0.794922 0.915039 0.046875 0.046875
1 0.258301 0.316895 0.133789 0.073242
0 0.130371 0.203125 0.122070 0.087891
4 0.533691 0.449707 0.041992 0.041992
2 0.870117 0.295898 0.031250 0.031250
1 0.444336 0.710938 0.103516 0.078125
1 0.285645 0.414062 0.125977 0.070312
10 0.729980 0.743652 0.040039 0.040039