0 0.854980 0.829102 0.125977 0.097656
8 0.508789 0.302734 0.060547 0.060547
9 0.452148 0.601562 0.046875 0.046875
0 0.699219 0.720215 0.166016 0.081055
11 0.486816 0.785156 0.110352 0.062500
0 0.830078 0.489258 0.130859 0.072266
3 0.597656 0.107422 0.041016 0.041016
0 0.822266 0.166016 0.167969 0.066406
8 0.540527 0.473145 0.061523 0.061523
11 0.236328 0.282227 0.117188 0.056641
8 0.653320 0.191406 0.060547 0.060547
3 0.404785 0.410645 0.040039 0.040039
12 0.536133 0.616699 0.046875 0.051758
11 0.143066 0.802246 0.133789 0.063477
11 0.771973 0.403809 0.141602 0.065430
10 0.402832 0.890137 0.057617 0.057617
12 0.347168 0.237793 0.063477 0.069336
12 0.281250 0.893555 0.060547 0.066406