12 0.657715 0.456055 0.043945 0.054688
6 0.181641 0.831055 0.050781 0.050781
6 0.427734 0.680664 0.039062 0.039062
11 0.334961 0.235840 0.101562 0.055664
11 0.761719 0.260254 0.125000 0.071289
11 0.774414 0.650879 0.140625 0.071289
2 0.143066 0.725098 0.047852 0.047852
9 0.750977 0.549805 0.050781 0.050781
11 0.786621 0.804688 0.118164 0.076172
0 0.272461 0.416504 0.148438 0.090820
12 0.105957 0.350586 0.063477 0.056641
0 0.497559 0.904297 0.137695 0.058594
12 0.110352 0.844238 0.039062 0.063477
11 0.339355 0.092285 0.100586 0.071289