11 0.328125 0.785645 0.144531 0.055664
4 0.613770 0.376465 0.051758 0.051758
7 0.730469 0.605469 0.050781 0.050781
12 0.554688 0.811523 0.052734 0.048828
0 0.813965 0.773926 0.178711 0.079102
12 0.242188 0.388184 0.046875 0.067383
10 0.119141 0.765625 0.062500 0.062500
10 0.879395 0.253418 0.047852 0.047852
11 0.113281 0.240234 0.089844 0.052734
7 0.488770 0.196777 0.053711 0.053711
10 0.087402 0.588379 0.045898 0.045898
11 0.226562 0.109863 0.136719 0.077148
12 0.258301 0.245605 0.047852 0.057617
11 0.811035 0.913574 0.145508 0.067383
0 0.856445 0.423340 0.146484 0.079102
12 0.646973 0.480469 0.053711 0.058594