0 0.495605 0.725586 0.159180 0.066406
5 0.265137 0.451660 0.038086 0.038086
0 0.399902 0.534668 0.170898 0.071289
0 0.253906 0.252930 0.111328 0.074219
5 0.755859 0.607422 0.029297 0.029297
1 0.679199 0.874023 0.118164 0.054688
1 0.729492 0.188477 0.130859 0.058594
1 0.283691 0.380859 0.157227 0.058594
4 0.752441 0.669434 0.032227 0.032227
3 0.272461 0.723633 0.048828 0.048828
1 0.405273 0.146484 0.148438 0.058594
7 0.130371 0.207520 0.040039 0.040039
1 0.684082 0.783203 0.166992 0.078125
1 0.546387 0.335449 0.110352 0.059570