4 0.726562 0.891602 0.044922 0.044922
6 0.203125 0.285156 0.039062 0.039062
0 0.268066 0.107910 0.118164 0.061523
5 0.128418 0.581543 0.034180 0.034180
10 0.546387 0.775879 0.045898 0.045898
2 0.843750 0.142578 0.039062 0.039062
0 0.165039 0.663086 0.132812 0.095703
4 0.140625 0.748047 0.035156 0.035156
3 0.814453 0.427734 0.041016 0.041016
3 0.545410 0.529785 0.043945 0.043945
10 0.511230 0.255371 0.051758 0.051758
9 0.466309 0.358887 0.061523 0.061523
12 0.889160 0.794434 0.065430 0.069336
2 0.391602 0.506836 0.052734 0.052734
4 0.908691 0.535645 0.053711 0.053711
12 0.076660 0.317383 0.040039 0.074219