12 0.440430 0.899414 0.048828 0.076172
12 0.767578 0.823242 0.056641 0.078125
12 0.831543 0.321289 0.043945 0.074219
6 0.608887 0.760254 0.049805 0.049805
0 0.202148 0.192871 0.125000 0.083008
8 0.516602 0.557617 0.044922 0.044922
0 0.390137 0.763672 0.178711 0.076172
3 0.878418 0.838379 0.038086 0.038086
10 0.691406 0.268555 0.046875 0.046875
0 0.767090 0.473145 0.135742 0.079102
12 0.812988 0.659668 0.065430 0.053711
10 0.732422 0.166992 0.060547 0.060547
12 0.348633 0.136719 0.046875 0.070312
6 0.201172 0.384766 0.037109 0.037109
11 0.114746 0.747070 0.125977 0.048828