12 0.227539 0.751953 0.048828 0.056641
0 0.446777 0.844727 0.135742 0.078125
12 0.700684 0.574219 0.047852 0.064453
6 0.490723 0.153809 0.034180 0.034180
9 0.098633 0.542969 0.062500 0.062500
11 0.278320 0.645020 0.136719 0.073242
0 0.621582 0.681152 0.190430 0.079102
9 0.780273 0.784180 0.056641 0.056641
11 0.666016 0.343262 0.089844 0.049805
10 0.554688 0.293945 0.058594 0.058594
0 0.416504 0.259766 0.174805 0.087891
0 0.245605 0.122070 0.194336 0.078125
0 0.815918 0.095703 0.165039 0.078125
4 0.110352 0.611328 0.039062 0.039062