9 0.860352 0.798828 0.050781 0.050781
10 0.863770 0.255371 0.043945 0.043945
11 0.766113 0.542480 0.141602 0.063477
11 0.109863 0.519043 0.092773 0.063477
9 0.138184 0.094238 0.061523 0.061523
11 0.318848 0.356445 0.131836 0.074219
9 0.833496 0.341309 0.057617 0.057617
8 0.442871 0.439941 0.055664 0.055664
7 0.519531 0.370117 0.035156 0.035156
12 0.168945 0.191895 0.068359 0.073242
10 0.575684 0.480957 0.045898 0.045898
12 0.790039 0.250488 0.060547 0.065430
2 0.602051 0.731934 0.049805 0.049805