11 0.703125 0.211914 0.130859 0.054688
0 0.736328 0.675781 0.132812 0.060547
12 0.518555 0.158691 0.064453 0.071289
0 0.218262 0.544922 0.194336 0.083984
0 0.254883 0.746582 0.164062 0.067383
5 0.854004 0.878418 0.040039 0.040039
7 0.842285 0.099121 0.051758 0.051758
11 0.783203 0.769043 0.123047 0.059570
0 0.189453 0.418945 0.183594 0.085938
0 0.487305 0.747559 0.160156 0.081055
0 0.227539 0.146484 0.169922 0.082031
3 0.422363 0.919434 0.036133 0.036133
10 0.819824 0.449707 0.063477 0.063477
10 0.893066 0.353027 0.055664 0.055664
0 0.373047 0.295410 0.160156 0.065430
6 0.905762 0.694824 0.043945 0.043945