0 0.653320 0.334961 0.193359 0.066406
11 0.477539 0.516602 0.087891 0.054688
0 0.399414 0.617188 0.148438 0.095703
4 0.836426 0.480957 0.047852 0.047852
7 0.137695 0.303711 0.052734 0.052734
8 0.640137 0.874512 0.063477 0.063477
11 0.881348 0.853516 0.102539 0.058594
12 0.493652 0.223633 0.065430 0.070312
11 0.701172 0.596191 0.101562 0.053711
12 0.208008 0.474121 0.060547 0.067383
2 0.274414 0.391602 0.048828 0.048828
4 0.569824 0.112793 0.034180 0.034180
5 0.568848 0.780762 0.047852 0.047852
10 0.332031 0.838867 0.060547 0.060547
0 0.623535 0.184082 0.141602 0.065430
12 0.351074 0.120117 0.041992 0.066406
6 0.645996 0.780762 0.045898 0.045898