5 0.216797 0.703125 0.035156 0.035156
8 0.833496 0.161621 0.051758 0.051758
10 0.470215 0.845215 0.059570 0.059570
11 0.589355 0.399902 0.096680 0.073242
5 0.178223 0.238770 0.034180 0.034180
9 0.649414 0.610352 0.050781 0.050781
10 0.358398 0.094727 0.062500 0.062500
6 0.132812 0.166992 0.042969 0.042969
11 0.647949 0.677246 0.094727 0.051758
12 0.158203 0.882812 0.064453 0.072266
0 0.548340 0.755859 0.168945 0.064453
11 0.203125 0.385254 0.099609 0.049805
4 0.532715 0.106934 0.034180 0.034180
7 0.330078 0.381836 0.052734 0.052734