11 0.446289 0.379883 0.099609 0.048828
0 0.207520 0.449219 0.182617 0.078125
11 0.385254 0.605957 0.135742 0.055664
11 0.253906 0.804688 0.152344 0.052734
11 0.823242 0.612793 0.103516 0.077148
5 0.884766 0.850586 0.041016 0.041016
5 0.468750 0.777344 0.050781 0.050781
11 0.652344 0.452637 0.091797 0.055664
11 0.591309 0.774414 0.110352 0.050781
12 0.749512 0.266602 0.053711 0.078125
12 0.183105 0.210449 0.055664 0.053711
12 0.541016 0.529297 0.039062 0.072266
11 0.753906 0.770508 0.113281 0.078125
11 0.362305 0.197266 0.128906 0.070312
9 0.120605 0.884277 0.055664 0.055664
12 0.721680 0.157227 0.046875 0.052734