11 0.464844 0.666992 0.109375 0.072266
8 0.650391 0.158203 0.054688 0.054688
11 0.687988 0.537109 0.141602 0.056641
8 0.439453 0.417969 0.048828 0.048828
11 0.379395 0.313477 0.116211 0.074219
5 0.703613 0.289551 0.043945 0.043945
11 0.679688 0.819336 0.113281 0.074219
0 0.817383 0.900391 0.126953 0.072266
11 0.156738 0.102051 0.139648 0.059570
12 0.686035 0.419922 0.057617 0.050781
10 0.386719 0.106445 0.062500 0.062500
11 0.674805 0.698730 0.115234 0.077148
11 0.843750 0.377441 0.105469 0.075195
8 0.110352 0.308594 0.044922 0.044922
0 0.160156 0.853516 0.138672 0.091797