0 0.159180 0.486816 0.193359 0.075195
12 0.566406 0.211914 0.062500 0.070312
12 0.316406 0.156250 0.064453 0.060547
12 0.851562 0.256348 0.042969 0.061523
3 0.119141 0.114258 0.046875 0.046875
12 0.094727 0.272949 0.046875 0.077148
6 0.071289 0.676758 0.039062 0.039062
6 0.322266 0.273438 0.035156 0.035156
0 0.600098 0.479004 0.120117 0.086914
5 0.771973 0.250488 0.043945 0.043945
3 0.371094 0.561523 0.046875 0.046875
8 0.309082 0.330566 0.045898 0.045898
12 0.771484 0.791016 0.052734 0.056641
8 0.924805 0.808594 0.044922 0.044922
11 0.854980 0.923828 0.141602 0.052734
8 0.723145 0.554199 0.063477 0.063477
0 0.824707 0.413086 0.135742 0.058594