3 0.315430 0.332031 0.044922 0.044922
0 0.394531 0.821777 0.136719 0.059570
11 0.840820 0.447754 0.111328 0.055664
9 0.663086 0.347656 0.044922 0.044922
12 0.533691 0.761230 0.065430 0.049805
0 0.477051 0.361816 0.131836 0.073242
0 0.816406 0.535156 0.130859 0.072266
6 0.178223 0.776855 0.036133 0.036133
0 0.644531 0.896484 0.191406 0.080078
11 0.331055 0.116211 0.140625 0.072266
8 0.241699 0.768066 0.043945 0.043945
3 0.450684 0.626465 0.038086 0.038086
5 0.854980 0.268066 0.045898 0.045898
6 0.221680 0.126953 0.041016 0.041016
10 0.199707 0.494629 0.053711 0.053711
12 0.364258 0.559570 0.060547 0.052734