10 0.815918 0.512207 0.049805 0.049805
0 0.264160 0.221191 0.137695 0.094727
11 0.733398 0.249023 0.146484 0.076172
11 0.431641 0.601562 0.105469 0.058594
10 0.290527 0.568848 0.063477 0.063477
0 0.398926 0.899414 0.174805 0.089844
0 0.738770 0.624512 0.120117 0.094727
12 0.659668 0.107910 0.053711 0.075195
12 0.537109 0.159180 0.052734 0.068359
0 0.430176 0.352051 0.176758 0.073242
11 0.888672 0.414062 0.109375 0.048828
0 0.714355 0.755859 0.166992 0.064453
11 0.509277 0.707031 0.143555 0.048828
3 0.130371 0.318848 0.045898 0.045898
2 0.816895 0.080566 0.043945 0.043945
9 0.257812 0.904297 0.050781 0.050781
12 0.141602 0.611816 0.052734 0.061523