0 0.136230 0.250488 0.172852 0.077148
6 0.300293 0.356934 0.040039 0.040039
3 0.929199 0.647949 0.036133 0.036133
1 0.886719 0.794434 0.121094 0.069336
1 0.666016 0.328125 0.179688 0.048828
9 0.793945 0.170898 0.056641 0.056641
0 0.132812 0.777832 0.097656 0.073242
1 0.452148 0.376465 0.138672 0.073242
8 0.845703 0.380859 0.050781 0.050781
1 0.470703 0.198242 0.179688 0.048828
5 0.123047 0.673828 0.044922 0.044922
1 0.716797 0.854492 0.142578 0.048828
0 0.642578 0.697754 0.097656 0.065430
8 0.378906 0.656250 0.050781 0.050781
6 0.103516 0.336914 0.037109 0.037109