7 0.220215 0.882324 0.049805 0.049805
0 0.445801 0.125000 0.190430 0.083984
0 0.174316 0.630859 0.143555 0.058594
9 0.908203 0.408203 0.050781 0.050781
11 0.520996 0.797363 0.153320 0.059570
2 0.429688 0.432617 0.050781 0.050781
0 0.279785 0.424316 0.166992 0.094727
11 0.416992 0.609375 0.128906 0.054688
0 0.687500 0.874512 0.148438 0.081055
0 0.462891 0.311523 0.160156 0.083984
0 0.842285 0.645508 0.168945 0.074219
6 0.706055 0.131836 0.037109 0.037109
0 0.174805 0.125977 0.181641 0.074219
6 0.639648 0.440430 0.039062 0.039062
0 0.718262 0.272949 0.176758 0.094727
0 0.523926 0.512695 0.170898 0.070312
11 0.127441 0.793945 0.102539 0.072266
4 0.786133 0.184570 0.044922 0.044922