0 0.575684 0.445801 0.161133 0.083008
11 0.690430 0.889648 0.101562 0.062500
12 0.250000 0.317871 0.041016 0.065430
12 0.113281 0.095703 0.068359 0.066406
12 0.847656 0.680176 0.056641 0.073242
9 0.379395 0.221191 0.043945 0.043945
8 0.460449 0.770020 0.051758 0.051758
11 0.690430 0.699219 0.156250 0.068359
10 0.236328 0.407227 0.054688 0.054688
10 0.855469 0.216797 0.046875 0.046875
0 0.836426 0.484375 0.159180 0.066406
11 0.179199 0.745605 0.106445 0.059570
0 0.479980 0.558594 0.133789 0.089844
8 0.336914 0.835938 0.048828 0.048828
0 0.470703 0.860352 0.156250 0.083984
0 0.601074 0.124512 0.194336 0.094727
12 0.458008 0.665039 0.048828 0.062500