12 0.704590 0.504395 0.051758 0.069336
12 0.512695 0.861816 0.062500 0.075195
12 0.188477 0.326660 0.056641 0.067383
7 0.385742 0.182617 0.035156 0.035156
9 0.145020 0.208496 0.061523 0.061523
12 0.404297 0.651855 0.064453 0.051758
12 0.309082 0.687500 0.067383 0.058594
12 0.380371 0.515625 0.047852 0.078125
0 0.336914 0.877441 0.126953 0.086914
12 0.741211 0.330566 0.046875 0.051758
7 0.714355 0.672363 0.034180 0.034180
4 0.394531 0.378906 0.037109 0.037109
3 0.543457 0.082520 0.051758 0.051758
7 0.778809 0.231934 0.034180 0.034180
0 0.214355 0.589844 0.168945 0.068359
11 0.602539 0.645508 0.152344 0.050781