0 0.761719 0.814453 0.158203 0.070312
9 0.331055 0.534180 0.048828 0.048828
7 0.283203 0.397461 0.031250 0.031250
5 0.479980 0.713379 0.032227 0.032227
0 0.309082 0.736816 0.137695 0.084961
10 0.928711 0.562500 0.041016 0.041016
0 0.129395 0.660645 0.141602 0.071289
8 0.716797 0.365234 0.039062 0.039062
1 0.745605 0.277344 0.137695 0.072266
0 0.395020 0.296387 0.112305 0.075195
10 0.511719 0.527344 0.056641 0.056641
2 0.163574 0.189941 0.036133 0.036133
4 0.509766 0.880859 0.029297 0.029297
0 0.501953 0.101074 0.125000 0.084961