0 0.560547 0.852539 0.138672 0.080078
6 0.378906 0.746094 0.050781 0.050781
0 0.223633 0.378418 0.175781 0.075195
11 0.717285 0.154297 0.100586 0.074219
9 0.139160 0.707520 0.055664 0.055664
12 0.197754 0.541016 0.043945 0.052734
7 0.922363 0.488770 0.040039 0.040039
9 0.300293 0.214355 0.043945 0.043945
12 0.222656 0.081543 0.048828 0.063477
7 0.642090 0.235840 0.038086 0.038086
10 0.365234 0.919922 0.050781 0.050781
11 0.725098 0.502441 0.155273 0.055664
11 0.387695 0.375488 0.103516 0.063477
8 0.861328 0.333984 0.044922 0.044922
0 0.790039 0.805176 0.136719 0.092773
12 0.438965 0.209473 0.061523 0.065430
11 0.626953 0.756836 0.146484 0.050781
8 0.843750 0.155273 0.052734 0.052734