11 0.696777 0.153809 0.153320 0.053711
8 0.790527 0.241699 0.051758 0.051758
4 0.102051 0.332520 0.043945 0.043945
0 0.668945 0.878906 0.195312 0.076172
11 0.215332 0.595703 0.112305 0.078125
0 0.407715 0.426270 0.129883 0.071289
11 0.146973 0.474121 0.153320 0.075195
8 0.439941 0.905762 0.061523 0.061523
2 0.452637 0.607910 0.049805 0.049805
0 0.479004 0.218262 0.165039 0.073242
10 0.732422 0.430664 0.054688 0.054688
11 0.471191 0.115234 0.125977 0.060547
0 0.769043 0.742676 0.155273 0.065430
11 0.293945 0.819824 0.113281 0.065430
0 0.186523 0.187500 0.160156 0.078125
11 0.339844 0.309082 0.095703 0.061523
8 0.722168 0.557129 0.061523 0.061523
0 0.527832 0.701660 0.145508 0.073242