12 0.267578 0.116699 0.044922 0.075195
12 0.916016 0.140625 0.060547 0.068359
11 0.703613 0.363281 0.151367 0.078125
9 0.422363 0.169434 0.061523 0.061523
0 0.702148 0.655273 0.126953 0.062500
9 0.415039 0.497070 0.046875 0.046875
8 0.857422 0.733398 0.060547 0.060547
0 0.181641 0.841309 0.167969 0.094727
11 0.728516 0.512695 0.117188 0.078125
6 0.442871 0.274902 0.051758 0.051758
7 0.437012 0.674316 0.053711 0.053711
5 0.591309 0.720215 0.038086 0.038086
0 0.264648 0.223633 0.183594 0.080078
8 0.278320 0.512695 0.048828 0.048828
11 0.569336 0.119629 0.091797 0.077148