11 0.435059 0.821289 0.127930 0.078125
10 0.348633 0.496094 0.056641 0.056641
4 0.774902 0.774902 0.038086 0.038086
2 0.384277 0.618652 0.049805 0.049805
11 0.817871 0.452637 0.092773 0.071289
11 0.691406 0.167480 0.152344 0.075195
11 0.504395 0.304688 0.118164 0.058594
10 0.550293 0.097168 0.043945 0.043945
0 0.164062 0.909180 0.152344 0.070312
6 0.113770 0.740723 0.040039 0.040039
8 0.497559 0.490723 0.057617 0.057617
6 0.695312 0.520508 0.039062 0.039062
11 0.661133 0.741211 0.105469 0.052734
11 0.555176 0.646484 0.094727 0.050781
0 0.686523 0.892090 0.123047 0.090820
11 0.271484 0.201660 0.089844 0.053711
6 0.752441 0.650879 0.051758 0.051758