0 0.208008 0.218262 0.183594 0.084961
12 0.450195 0.605957 0.068359 0.065430
9 0.434082 0.194824 0.059570 0.059570
9 0.073730 0.523926 0.045898 0.045898
12 0.241211 0.719727 0.056641 0.048828
0 0.468262 0.377441 0.170898 0.090820
0 0.441895 0.907715 0.153320 0.059570
6 0.839844 0.083984 0.035156 0.035156
0 0.882324 0.198730 0.127930 0.069336
0 0.700684 0.596680 0.155273 0.060547
11 0.799316 0.910156 0.104492 0.078125
11 0.402832 0.724609 0.125977 0.066406
0 0.344238 0.099609 0.141602 0.062500
0 0.703125 0.119141 0.179688 0.095703
8 0.873535 0.467285 0.043945 0.043945
11 0.868164 0.756836 0.121094 0.050781