1 0.599121 0.781738 0.178711 0.055664
5 0.833496 0.076660 0.045898 0.045898
0 0.502930 0.387207 0.142578 0.073242
8 0.852051 0.567871 0.057617 0.057617
6 0.404785 0.079590 0.047852 0.047852
1 0.311035 0.216797 0.116211 0.050781
0 0.614258 0.255859 0.154297 0.052734
5 0.129883 0.403320 0.041016 0.041016
8 0.861328 0.303711 0.046875 0.046875
5 0.382812 0.516602 0.037109 0.037109
0 0.752930 0.864258 0.169922 0.052734
8 0.261719 0.845703 0.058594 0.058594
8 0.551270 0.897949 0.055664 0.055664
6 0.228027 0.686035 0.043945 0.043945