0 0.595215 0.882812 0.141602 0.093750
12 0.600586 0.254883 0.062500 0.060547
11 0.519043 0.779297 0.153320 0.066406
11 0.589844 0.464355 0.134766 0.063477
2 0.813965 0.790527 0.045898 0.045898
0 0.249023 0.485840 0.158203 0.061523
12 0.081055 0.569336 0.048828 0.058594
3 0.868164 0.492188 0.037109 0.037109
0 0.628418 0.595703 0.159180 0.085938
9 0.113770 0.703613 0.063477 0.063477
6 0.904785 0.075684 0.051758 0.051758
11 0.781738 0.290039 0.094727 0.078125
0 0.242188 0.710449 0.134766 0.083008
8 0.341309 0.253418 0.053711 0.053711
0 0.847168 0.683594 0.186523 0.064453
12 0.191406 0.400879 0.060547 0.077148
0 0.396484 0.375488 0.162109 0.079102
5 0.604004 0.087402 0.034180 0.034180