10 0.190430 0.360352 0.044922 0.044922
0 0.382324 0.473145 0.098633 0.079102
0 0.647949 0.290039 0.163086 0.050781
5 0.331543 0.566895 0.034180 0.034180
10 0.209961 0.525391 0.042969 0.042969
0 0.802734 0.440918 0.169922 0.049805
2 0.850098 0.902832 0.036133 0.036133
0 0.321777 0.825195 0.118164 0.048828
1 0.708984 0.872070 0.109375 0.058594
2 0.921875 0.870117 0.035156 0.035156
8 0.434570 0.197266 0.052734 0.052734
0 0.850586 0.730957 0.160156 0.069336
9 0.117676 0.376465 0.055664 0.055664
0 0.174805 0.747070 0.173828 0.050781