1 0.594238 0.187012 0.104492 0.073242
8 0.376465 0.731934 0.049805 0.049805
0 0.350098 0.357910 0.102539 0.073242
9 0.259766 0.103516 0.039062 0.039062
1 0.245117 0.221680 0.126953 0.062500
1 0.811035 0.255371 0.190430 0.049805
0 0.284668 0.633789 0.114258 0.070312
10 0.222168 0.308105 0.040039 0.040039
0 0.816406 0.768555 0.132812 0.064453
0 0.698730 0.478516 0.135742 0.048828
0 0.666504 0.559082 0.147461 0.053711
1 0.607910 0.840820 0.172852 0.060547
1 0.267090 0.488770 0.157227 0.073242
7 0.925293 0.171387 0.043945 0.043945