10 0.172852 0.804688 0.044922 0.044922
12 0.443848 0.134277 0.055664 0.065430
10 0.264648 0.856445 0.052734 0.052734
12 0.790039 0.270020 0.064453 0.049805
8 0.606445 0.753906 0.048828 0.048828
12 0.551270 0.584473 0.063477 0.057617
10 0.685547 0.425781 0.052734 0.052734
7 0.231934 0.192871 0.049805 0.049805
11 0.404785 0.524902 0.096680 0.057617
3 0.209961 0.403320 0.048828 0.048828
11 0.681152 0.531250 0.133789 0.054688
6 0.212891 0.542969 0.042969 0.042969
0 0.558105 0.264648 0.182617 0.097656
0 0.295410 0.767090 0.137695 0.061523
11 0.284180 0.652832 0.115234 0.051758
6 0.728516 0.104492 0.044922 0.044922
5 0.916992 0.709961 0.037109 0.037109
11 0.372559 0.893066 0.116211 0.055664