0 0.805176 0.395996 0.131836 0.049805
0 0.145996 0.134277 0.118164 0.075195
10 0.807617 0.767578 0.054688 0.054688
1 0.639160 0.873047 0.125977 0.072266
0 0.643555 0.282715 0.132812 0.067383
9 0.878906 0.100586 0.058594 0.058594
7 0.338867 0.847656 0.046875 0.046875
1 0.441895 0.691895 0.129883 0.055664
0 0.326172 0.580078 0.111328 0.058594
0 0.321777 0.441895 0.153320 0.053711
0 0.819336 0.557129 0.154297 0.083008
1 0.606934 0.424316 0.172852 0.065430
7 0.914062 0.742188 0.042969 0.042969
8 0.875977 0.286133 0.046875 0.046875
0 0.625000 0.522949 0.099609 0.063477