4 0.451172 0.623047 0.046875 0.046875
1 0.449707 0.333008 0.190430 0.060547
9 0.439453 0.415039 0.046875 0.046875
1 0.630859 0.415527 0.171875 0.051758
10 0.180176 0.512207 0.053711 0.053711
0 0.692383 0.855957 0.167969 0.049805
5 0.175293 0.134277 0.032227 0.032227
8 0.844727 0.198242 0.054688 0.054688
0 0.802246 0.332520 0.151367 0.071289
1 0.378906 0.923828 0.107422 0.052734
6 0.675293 0.117676 0.036133 0.036133
5 0.555664 0.646484 0.039062 0.039062
1 0.325684 0.221191 0.180664 0.075195
0 0.169922 0.834473 0.113281 0.077148
0 0.658691 0.490234 0.151367 0.056641