9 0.420898 0.791016 0.058594 0.058594
11 0.411133 0.675293 0.111328 0.071289
0 0.647949 0.845215 0.143555 0.086914
8 0.835938 0.886719 0.058594 0.058594
9 0.490723 0.091309 0.057617 0.057617
10 0.104004 0.376465 0.061523 0.061523
6 0.487793 0.313965 0.049805 0.049805
10 0.693359 0.604492 0.060547 0.060547
0 0.313477 0.380371 0.162109 0.088867
6 0.129883 0.736328 0.042969 0.042969
0 0.711914 0.420410 0.138672 0.096680
0 0.291992 0.178711 0.140625 0.097656
12 0.888672 0.230957 0.041016 0.073242
11 0.850098 0.752441 0.125977 0.075195