12 0.865234 0.908691 0.041016 0.075195
11 0.737305 0.637207 0.101562 0.051758
0 0.784668 0.380859 0.131836 0.089844
9 0.270020 0.437988 0.061523 0.061523
12 0.162109 0.882324 0.039062 0.055664
11 0.704102 0.709473 0.107422 0.049805
3 0.113770 0.386230 0.045898 0.045898
12 0.531738 0.356445 0.059570 0.052734
0 0.305176 0.675293 0.161133 0.088867
0 0.344238 0.306152 0.163086 0.071289
9 0.672363 0.530762 0.049805 0.049805
12 0.592773 0.663086 0.066406 0.048828
4 0.634277 0.783691 0.038086 0.038086
10 0.481934 0.809082 0.059570 0.059570
0 0.136719 0.791992 0.144531 0.060547