12 0.321777 0.162598 0.065430 0.057617
8 0.800293 0.670410 0.055664 0.055664
10 0.401855 0.461426 0.057617 0.057617
11 0.578613 0.309082 0.139648 0.071289
12 0.259277 0.241211 0.053711 0.052734
8 0.521973 0.686035 0.057617 0.057617
11 0.678711 0.427734 0.107422 0.050781
10 0.599609 0.102539 0.048828 0.048828
4 0.840332 0.503418 0.045898 0.045898
12 0.075684 0.158203 0.045898 0.060547
11 0.517090 0.544434 0.094727 0.075195
9 0.117676 0.679199 0.049805 0.049805
10 0.299805 0.375000 0.048828 0.048828
9 0.148438 0.472656 0.058594 0.058594