4 0.738281 0.076172 0.044922 0.044922
10 0.670410 0.311035 0.057617 0.057617
12 0.744141 0.247559 0.058594 0.071289
6 0.134766 0.508789 0.044922 0.044922
8 0.084473 0.431152 0.045898 0.045898
2 0.431641 0.288086 0.035156 0.035156
12 0.447754 0.153809 0.057617 0.077148
12 0.470703 0.791504 0.048828 0.049805
8 0.356934 0.716309 0.053711 0.053711
10 0.606934 0.878418 0.051758 0.051758
12 0.598633 0.223633 0.054688 0.064453
7 0.874023 0.570312 0.050781 0.050781
11 0.317383 0.502930 0.156250 0.066406
11 0.689941 0.608398 0.088867 0.066406
12 0.169922 0.575684 0.046875 0.053711