9 0.097656 0.236328 0.046875 0.046875
8 0.256348 0.657715 0.055664 0.055664
1 0.542480 0.271973 0.104492 0.055664
10 0.883301 0.614746 0.045898 0.045898
1 0.722168 0.884766 0.176758 0.060547
1 0.738281 0.680664 0.179688 0.068359
6 0.604492 0.403320 0.042969 0.042969
0 0.175781 0.469238 0.119141 0.084961
5 0.430664 0.710938 0.029297 0.029297
0 0.207031 0.905273 0.154297 0.078125
8 0.822754 0.364746 0.053711 0.053711
5 0.069824 0.775879 0.034180 0.034180
2 0.426758 0.620117 0.039062 0.039062
0 0.300293 0.079590 0.137695 0.059570
10 0.661621 0.310059 0.045898 0.045898