8 0.509277 0.086426 0.047852 0.047852
3 0.514160 0.490723 0.051758 0.051758
11 0.336914 0.426270 0.091797 0.055664
11 0.807617 0.121582 0.107422 0.051758
10 0.193359 0.106445 0.050781 0.050781
12 0.815918 0.502441 0.057617 0.069336
10 0.635742 0.672852 0.052734 0.052734
8 0.322754 0.889160 0.049805 0.049805
5 0.922852 0.583008 0.050781 0.050781
11 0.816895 0.885254 0.149414 0.061523
0 0.558105 0.822266 0.139648 0.076172
7 0.145996 0.646973 0.047852 0.047852
9 0.721191 0.743652 0.045898 0.045898
9 0.392090 0.607910 0.059570 0.059570
0 0.369141 0.335938 0.191406 0.091797
12 0.823242 0.292969 0.039062 0.050781
4 0.159668 0.525879 0.043945 0.043945
11 0.128418 0.751953 0.135742 0.066406