11 0.870117 0.917480 0.095703 0.063477
11 0.680664 0.383789 0.101562 0.070312
0 0.594238 0.138184 0.182617 0.092773
11 0.751465 0.647949 0.147461 0.051758
9 0.333984 0.401367 0.048828 0.048828
6 0.084961 0.424805 0.042969 0.042969
2 0.293457 0.339355 0.038086 0.038086
11 0.606445 0.262695 0.138672 0.056641
0 0.543945 0.491211 0.119141 0.066406
11 0.755859 0.212891 0.103516 0.048828
11 0.133301 0.625977 0.098633 0.078125
11 0.135254 0.792969 0.112305 0.066406
12 0.848633 0.798828 0.052734 0.064453
12 0.919434 0.515625 0.047852 0.066406