8 0.383301 0.794434 0.040039 0.040039
0 0.598633 0.206543 0.169922 0.055664
10 0.256348 0.792480 0.049805 0.049805
9 0.278320 0.524414 0.046875 0.046875
4 0.152832 0.252441 0.038086 0.038086
8 0.403809 0.671387 0.047852 0.047852
10 0.846191 0.121582 0.053711 0.053711
9 0.725098 0.115723 0.053711 0.053711
0 0.514648 0.841797 0.152344 0.062500
7 0.372070 0.534180 0.042969 0.042969
0 0.809082 0.834961 0.100586 0.052734
1 0.354004 0.117188 0.159180 0.068359
3 0.123535 0.790527 0.043945 0.043945
9 0.694824 0.911621 0.045898 0.045898
0 0.813477 0.920898 0.101562 0.050781