12 0.319824 0.796875 0.065430 0.064453
8 0.345703 0.276367 0.062500 0.062500
12 0.461426 0.783203 0.045898 0.064453
11 0.819336 0.555664 0.140625 0.072266
11 0.874023 0.384277 0.134766 0.055664
12 0.777832 0.858398 0.059570 0.050781
12 0.212402 0.671875 0.040039 0.070312
8 0.845215 0.223145 0.051758 0.051758
0 0.706543 0.166992 0.124023 0.082031
11 0.521484 0.922363 0.095703 0.057617
0 0.567871 0.457520 0.122070 0.073242
12 0.399902 0.874023 0.059570 0.076172
11 0.515625 0.138184 0.117188 0.063477
0 0.275391 0.413574 0.169922 0.065430
5 0.211426 0.133301 0.053711 0.053711
12 0.895996 0.107422 0.053711 0.058594
5 0.244629 0.540527 0.051758 0.051758
0 0.616211 0.791016 0.150391 0.068359