1 0.188477 0.677734 0.181641 0.052734
0 0.668457 0.850586 0.147461 0.072266
0 0.635742 0.395508 0.136719 0.052734
8 0.266113 0.479004 0.053711 0.053711
1 0.727051 0.503418 0.112305 0.067383
6 0.799316 0.240723 0.047852 0.047852
8 0.374512 0.917480 0.055664 0.055664
0 0.487793 0.417969 0.110352 0.056641
6 0.475098 0.172363 0.043945 0.043945
10 0.471680 0.682617 0.058594 0.058594
3 0.380859 0.310547 0.044922 0.044922
4 0.392578 0.776367 0.031250 0.031250
0 0.576172 0.561523 0.125000 0.050781
1 0.743652 0.722656 0.114258 0.060547
1 0.208496 0.246094 0.125977 0.050781