0 0.753418 0.466309 0.163086 0.096680
12 0.724121 0.721191 0.045898 0.073242
0 0.176758 0.260254 0.185547 0.063477
11 0.382812 0.338379 0.101562 0.053711
2 0.135742 0.403320 0.042969 0.042969
4 0.258301 0.525879 0.041992 0.041992
5 0.252930 0.175781 0.042969 0.042969
10 0.156250 0.490234 0.048828 0.048828
3 0.284180 0.883789 0.050781 0.050781
9 0.083984 0.814453 0.044922 0.044922
9 0.551758 0.653320 0.060547 0.060547
12 0.322754 0.666992 0.049805 0.050781
0 0.566406 0.253906 0.166016 0.072266
0 0.703613 0.850098 0.168945 0.084961
8 0.140625 0.602539 0.048828 0.048828
0 0.126465 0.686523 0.124023 0.078125