5 0.149414 0.901367 0.037109 0.037109
4 0.932617 0.672852 0.037109 0.037109
0 0.282227 0.399902 0.175781 0.069336
5 0.174805 0.495117 0.031250 0.031250
0 0.667969 0.289062 0.136719 0.078125
0 0.809570 0.638184 0.123047 0.083008
10 0.549805 0.661133 0.046875 0.046875
9 0.587891 0.588867 0.042969 0.042969
2 0.561523 0.438477 0.039062 0.039062
0 0.397949 0.781738 0.112305 0.051758
8 0.256836 0.907227 0.054688 0.054688
0 0.831543 0.206055 0.106445 0.074219
1 0.248535 0.213867 0.166992 0.054688
2 0.094727 0.234375 0.046875 0.046875
1 0.582031 0.134766 0.154297 0.054688