11 0.669434 0.621094 0.106445 0.060547
5 0.892090 0.507324 0.047852 0.047852
10 0.214355 0.225098 0.043945 0.043945
4 0.131836 0.758789 0.037109 0.037109
11 0.599609 0.376465 0.111328 0.077148
11 0.182617 0.582520 0.152344 0.063477
2 0.729004 0.116699 0.040039 0.040039
10 0.313477 0.323242 0.050781 0.050781
0 0.809570 0.881348 0.177734 0.075195
11 0.431152 0.750000 0.106445 0.062500
11 0.353027 0.553223 0.110352 0.057617
12 0.846191 0.702637 0.067383 0.063477
2 0.123535 0.094238 0.043945 0.043945