0 0.808105 0.408691 0.122070 0.069336
8 0.336426 0.806152 0.055664 0.055664
9 0.536621 0.889160 0.043945 0.043945
8 0.879395 0.792480 0.043945 0.043945
0 0.734863 0.563477 0.166992 0.076172
4 0.410156 0.648438 0.039062 0.039062
0 0.531738 0.375977 0.159180 0.054688
5 0.190430 0.749023 0.046875 0.046875
8 0.422363 0.857910 0.057617 0.057617
0 0.164062 0.074707 0.130859 0.051758
10 0.409668 0.313965 0.041992 0.041992
5 0.905273 0.198242 0.029297 0.029297
4 0.164551 0.478027 0.040039 0.040039
10 0.284180 0.916992 0.039062 0.039062