0 0.416992 0.456543 0.171875 0.075195
12 0.145020 0.689941 0.053711 0.055664
3 0.367676 0.101074 0.036133 0.036133
11 0.771973 0.518555 0.108398 0.048828
0 0.661133 0.250488 0.146484 0.079102
0 0.565430 0.563965 0.158203 0.079102
8 0.339844 0.589844 0.052734 0.052734
0 0.476562 0.817871 0.140625 0.083008
11 0.138672 0.457031 0.117188 0.054688
11 0.346191 0.211914 0.145508 0.072266
4 0.814453 0.195312 0.042969 0.042969
11 0.629883 0.744629 0.130859 0.049805
2 0.311035 0.914551 0.041992 0.041992
2 0.889160 0.867676 0.034180 0.034180