7 0.647949 0.680176 0.036133 0.036133
0 0.318848 0.843750 0.176758 0.085938
0 0.250000 0.465820 0.130859 0.076172
9 0.150391 0.249023 0.050781 0.050781
0 0.521973 0.460938 0.143555 0.062500
12 0.923828 0.291992 0.044922 0.050781
11 0.567871 0.849121 0.094727 0.067383
0 0.856934 0.468262 0.174805 0.088867
12 0.248047 0.676758 0.068359 0.058594
11 0.735352 0.132812 0.144531 0.070312
8 0.719727 0.819336 0.062500 0.062500
10 0.678223 0.924316 0.049805 0.049805
6 0.234863 0.567871 0.041992 0.041992
11 0.751465 0.277832 0.098633 0.049805