12 0.266602 0.082031 0.054688 0.056641
11 0.588379 0.561035 0.139648 0.069336
11 0.871094 0.595215 0.117188 0.065430
2 0.181152 0.157715 0.049805 0.049805
12 0.114258 0.394531 0.068359 0.052734
0 0.755859 0.140137 0.130859 0.071289
0 0.553711 0.912598 0.193359 0.063477
8 0.553223 0.740723 0.053711 0.053711
6 0.320312 0.368164 0.044922 0.044922
12 0.104004 0.897461 0.045898 0.060547
0 0.778809 0.263184 0.180664 0.075195
12 0.130859 0.709961 0.039062 0.068359
12 0.222656 0.878906 0.046875 0.078125
5 0.598633 0.197266 0.052734 0.052734
5 0.669434 0.655762 0.045898 0.045898
9 0.751465 0.747559 0.063477 0.063477
0 0.476074 0.464844 0.141602 0.068359
12 0.398438 0.897461 0.068359 0.062500