1 0.773438 0.110352 0.177734 0.062500
9 0.256348 0.367676 0.045898 0.045898
0 0.883301 0.667969 0.114258 0.062500
8 0.782715 0.687012 0.045898 0.045898
1 0.550293 0.626465 0.135742 0.055664
5 0.609863 0.135254 0.032227 0.032227
0 0.626953 0.228516 0.140625 0.078125
1 0.617676 0.368652 0.166992 0.075195
7 0.193848 0.510254 0.036133 0.036133
1 0.265625 0.101562 0.175781 0.060547
0 0.347168 0.913086 0.129883 0.072266
1 0.820312 0.852051 0.099609 0.073242
1 0.730469 0.549316 0.173828 0.055664
0 0.366211 0.371094 0.115234 0.085938
0 0.452148 0.117188 0.146484 0.085938