0 0.552246 0.481445 0.131836 0.078125
0 0.769043 0.821289 0.124023 0.058594
6 0.139160 0.491699 0.040039 0.040039
2 0.403809 0.810059 0.036133 0.036133
0 0.784180 0.626953 0.132812 0.091797
3 0.543945 0.402344 0.041016 0.041016
12 0.438477 0.481934 0.044922 0.053711
10 0.786133 0.194336 0.060547 0.060547
0 0.579590 0.839844 0.120117 0.091797
11 0.513672 0.082520 0.132812 0.061523
0 0.130371 0.337402 0.135742 0.096680
8 0.607422 0.203125 0.054688 0.054688
4 0.274414 0.134766 0.046875 0.046875
12 0.852539 0.529297 0.056641 0.068359