1 0.600098 0.457520 0.104492 0.057617
9 0.361328 0.138672 0.056641 0.056641
0 0.516113 0.252930 0.120117 0.087891
0 0.300781 0.259277 0.109375 0.065430
8 0.387207 0.476074 0.051758 0.051758
0 0.185547 0.144043 0.152344 0.053711
3 0.352051 0.812988 0.043945 0.043945
0 0.566406 0.594238 0.156250 0.063477
0 0.860352 0.764160 0.117188 0.069336
1 0.225098 0.380371 0.133789 0.049805
1 0.693359 0.345703 0.173828 0.054688
2 0.082031 0.213867 0.037109 0.037109
7 0.551758 0.905273 0.037109 0.037109
4 0.102051 0.439941 0.038086 0.038086
1 0.795410 0.458984 0.137695 0.062500