0 0.469727 0.326172 0.097656 0.076172
8 0.826660 0.901855 0.053711 0.053711
3 0.439453 0.833984 0.031250 0.031250
2 0.590332 0.670410 0.040039 0.040039
1 0.667969 0.378906 0.160156 0.076172
4 0.182617 0.910156 0.042969 0.042969
7 0.520508 0.797852 0.048828 0.048828
1 0.828125 0.486816 0.113281 0.071289
8 0.255371 0.526855 0.051758 0.051758
5 0.902344 0.578125 0.033203 0.033203
0 0.607422 0.531250 0.166016 0.056641
6 0.168945 0.573242 0.029297 0.029297
1 0.223633 0.386719 0.150391 0.074219
0 0.662598 0.194824 0.168945 0.083008