0 0.719727 0.740234 0.183594 0.068359
2 0.149902 0.098145 0.047852 0.047852
12 0.610840 0.202148 0.065430 0.066406
12 0.289551 0.371094 0.057617 0.076172
12 0.645020 0.445312 0.055664 0.060547
12 0.451660 0.075684 0.057617 0.053711
12 0.386719 0.834473 0.050781 0.065430
0 0.387207 0.481934 0.143555 0.069336
10 0.234863 0.568848 0.053711 0.053711
8 0.526367 0.847656 0.056641 0.056641
9 0.810547 0.590820 0.060547 0.060547
4 0.290527 0.188965 0.053711 0.053711
12 0.527344 0.317383 0.064453 0.056641
6 0.926758 0.615234 0.041016 0.041016
11 0.533203 0.582031 0.142578 0.078125