0 0.638672 0.635254 0.140625 0.071289
11 0.454590 0.537109 0.135742 0.074219
6 0.925293 0.927246 0.045898 0.045898
11 0.162109 0.335938 0.152344 0.048828
3 0.681152 0.471191 0.045898 0.045898
0 0.135254 0.171387 0.127930 0.063477
10 0.476562 0.400391 0.052734 0.052734
0 0.349609 0.884766 0.162109 0.083984
9 0.656738 0.816895 0.061523 0.061523
0 0.645508 0.304688 0.134766 0.072266
11 0.532227 0.727539 0.134766 0.076172
12 0.082031 0.089355 0.050781 0.059570
12 0.197754 0.447754 0.053711 0.055664
9 0.249023 0.116211 0.044922 0.044922
12 0.824219 0.129395 0.041016 0.077148