8 0.286133 0.654297 0.062500 0.062500
11 0.451660 0.278320 0.114258 0.054688
10 0.698730 0.287598 0.049805 0.049805
10 0.847656 0.680664 0.054688 0.054688
12 0.361816 0.569824 0.045898 0.063477
6 0.218750 0.266602 0.052734 0.052734
12 0.280273 0.821777 0.062500 0.071289
12 0.720703 0.187500 0.046875 0.072266
0 0.200195 0.187500 0.193359 0.058594
11 0.862305 0.458984 0.150391 0.056641
12 0.144531 0.867676 0.064453 0.063477
11 0.540039 0.748535 0.140625 0.069336
11 0.473145 0.444336 0.129883 0.060547
9 0.354004 0.423340 0.051758 0.051758
5 0.662598 0.167480 0.038086 0.038086
11 0.721680 0.562012 0.136719 0.059570