8 0.220703 0.789062 0.056641 0.056641
8 0.297852 0.651367 0.048828 0.048828
9 0.381348 0.643066 0.049805 0.049805
9 0.335938 0.426758 0.058594 0.058594
7 0.848145 0.414551 0.049805 0.049805
6 0.757324 0.626465 0.040039 0.040039
11 0.468750 0.144531 0.134766 0.048828
12 0.750977 0.105957 0.064453 0.069336
9 0.830078 0.786133 0.056641 0.056641
8 0.414062 0.311523 0.044922 0.044922
0 0.543945 0.327637 0.132812 0.086914
12 0.629395 0.762695 0.055664 0.074219
2 0.502441 0.520020 0.045898 0.045898
12 0.157227 0.555176 0.054688 0.065430
11 0.448242 0.423340 0.097656 0.069336
0 0.189941 0.453125 0.180664 0.070312
12 0.074219 0.612793 0.044922 0.057617
12 0.389160 0.751953 0.067383 0.070312