6 0.832031 0.396484 0.039062 0.039062
6 0.585938 0.531250 0.044922 0.044922
5 0.681641 0.393555 0.052734 0.052734
11 0.356934 0.862793 0.108398 0.059570
0 0.215820 0.720215 0.130859 0.084961
11 0.130859 0.127441 0.091797 0.067383
8 0.320312 0.356445 0.052734 0.052734
11 0.491211 0.447754 0.099609 0.061523
5 0.220703 0.892578 0.042969 0.042969
11 0.278320 0.093262 0.130859 0.077148
11 0.511719 0.202148 0.136719 0.060547
10 0.314941 0.502441 0.047852 0.047852
12 0.135254 0.885254 0.053711 0.075195
9 0.396973 0.756348 0.061523 0.061523
0 0.636230 0.725586 0.168945 0.089844