8 0.437012 0.602051 0.057617 0.057617
12 0.252930 0.838867 0.054688 0.048828
8 0.417969 0.359375 0.056641 0.056641
11 0.498047 0.812500 0.125000 0.048828
11 0.526367 0.913574 0.119141 0.071289
11 0.708496 0.686035 0.155273 0.067383
0 0.571777 0.548340 0.165039 0.075195
4 0.107910 0.673340 0.045898 0.045898
8 0.512207 0.318848 0.049805 0.049805
12 0.603516 0.455078 0.056641 0.076172
10 0.819824 0.354980 0.061523 0.061523
11 0.485352 0.179199 0.150391 0.073242
11 0.226074 0.406250 0.149414 0.052734
11 0.527832 0.719238 0.112305 0.055664
0 0.272949 0.199219 0.172852 0.062500
0 0.812012 0.461426 0.182617 0.065430
4 0.239258 0.645508 0.039062 0.039062
8 0.731445 0.214844 0.062500 0.062500