11 0.804688 0.107422 0.132812 0.064453
6 0.863770 0.726074 0.047852 0.047852
11 0.498535 0.773926 0.094727 0.053711
11 0.630371 0.377441 0.145508 0.051758
0 0.469727 0.276855 0.166016 0.081055
12 0.186523 0.601562 0.044922 0.076172
7 0.806152 0.440918 0.041992 0.041992
11 0.681641 0.835938 0.148438 0.072266
11 0.515625 0.695312 0.136719 0.058594
0 0.449707 0.124512 0.145508 0.079102
11 0.337402 0.464355 0.094727 0.059570
8 0.821289 0.544922 0.044922 0.044922
0 0.142090 0.284180 0.120117 0.072266
0 0.879395 0.335938 0.129883 0.097656
12 0.812012 0.833496 0.053711 0.067383
11 0.467285 0.894531 0.104492 0.070312
12 0.713379 0.205078 0.067383 0.070312