0 0.724609 0.083496 0.183594 0.063477
4 0.102539 0.233398 0.048828 0.048828
4 0.759766 0.305664 0.050781 0.050781
11 0.456055 0.874023 0.087891 0.076172
11 0.536621 0.158691 0.096680 0.057617
12 0.463379 0.344727 0.043945 0.048828
0 0.392090 0.763184 0.153320 0.061523
12 0.694336 0.694336 0.066406 0.052734
0 0.628906 0.395996 0.146484 0.067383
11 0.271973 0.413086 0.116211 0.074219
11 0.555176 0.246094 0.155273 0.078125
11 0.747070 0.901367 0.150391 0.052734
0 0.668945 0.603516 0.146484 0.072266
8 0.568848 0.825684 0.045898 0.045898
0 0.290039 0.098145 0.117188 0.067383