3 0.790527 0.835449 0.047852 0.047852
1 0.280273 0.281250 0.123047 0.070312
4 0.458008 0.291016 0.035156 0.035156
0 0.158203 0.543457 0.123047 0.061523
0 0.285645 0.837402 0.143555 0.075195
2 0.666016 0.890625 0.048828 0.048828
7 0.117188 0.682617 0.029297 0.029297
0 0.767578 0.390137 0.169922 0.049805
9 0.393066 0.165527 0.045898 0.045898
1 0.146973 0.170898 0.122070 0.060547
0 0.294922 0.438965 0.146484 0.071289
10 0.406738 0.612793 0.047852 0.047852
0 0.609863 0.110840 0.143555 0.057617
0 0.700195 0.575195 0.167969 0.083984