2 0.313965 0.148926 0.043945 0.043945
0 0.793945 0.201172 0.171875 0.076172
0 0.354980 0.349121 0.155273 0.084961
12 0.679199 0.337402 0.057617 0.073242
0 0.259766 0.581543 0.154297 0.067383
9 0.132812 0.156250 0.062500 0.062500
12 0.899902 0.371094 0.059570 0.078125
4 0.488281 0.676758 0.048828 0.048828
8 0.802246 0.561035 0.049805 0.049805
10 0.812500 0.309570 0.062500 0.062500
0 0.706055 0.709961 0.146484 0.087891
0 0.559570 0.163086 0.126953 0.097656
11 0.643555 0.551758 0.105469 0.068359
2 0.073730 0.895996 0.041992 0.041992
4 0.562988 0.874512 0.045898 0.045898
10 0.390625 0.712891 0.052734 0.052734