0 0.311035 0.557129 0.120117 0.084961
11 0.238770 0.415527 0.127930 0.067383
12 0.415527 0.447754 0.041992 0.061523
0 0.807129 0.325684 0.131836 0.063477
10 0.247559 0.251465 0.049805 0.049805
12 0.824219 0.111816 0.064453 0.057617
11 0.568359 0.146484 0.091797 0.062500
8 0.689453 0.825195 0.052734 0.052734
11 0.778809 0.613770 0.096680 0.051758
10 0.136719 0.168945 0.056641 0.056641
11 0.564453 0.553711 0.144531 0.074219
11 0.399414 0.241699 0.111328 0.071289
11 0.130371 0.852051 0.120117 0.059570
11 0.189453 0.731934 0.093750 0.075195
5 0.207031 0.931641 0.035156 0.035156
0 0.473633 0.719727 0.148438 0.066406
8 0.083496 0.253418 0.061523 0.061523
0 0.405762 0.905762 0.170898 0.073242