12 0.885742 0.831055 0.056641 0.076172
8 0.876465 0.245605 0.059570 0.059570
3 0.844238 0.655762 0.038086 0.038086
12 0.080566 0.556641 0.059570 0.066406
10 0.732910 0.537598 0.057617 0.057617
11 0.660645 0.278320 0.141602 0.068359
8 0.787109 0.328125 0.050781 0.050781
2 0.777344 0.246094 0.052734 0.052734
12 0.325195 0.148926 0.068359 0.057617
12 0.817871 0.526855 0.049805 0.055664
4 0.339844 0.640625 0.050781 0.050781
9 0.383789 0.398438 0.052734 0.052734
7 0.555664 0.179688 0.046875 0.046875
12 0.468262 0.306152 0.057617 0.063477
9 0.440430 0.713867 0.056641 0.056641
12 0.324219 0.240723 0.060547 0.061523
9 0.762695 0.416992 0.060547 0.060547
0 0.226562 0.508789 0.130859 0.078125