1 0.266113 0.570801 0.131836 0.073242
0 0.842773 0.754883 0.125000 0.083984
1 0.250977 0.112305 0.154297 0.068359
1 0.604492 0.871094 0.150391 0.056641
0 0.245605 0.782715 0.120117 0.059570
10 0.612793 0.666504 0.047852 0.047852
0 0.709961 0.312500 0.111328 0.056641
8 0.117676 0.653809 0.057617 0.057617
1 0.450684 0.450684 0.129883 0.063477
8 0.072754 0.731934 0.047852 0.047852
7 0.763184 0.513184 0.041992 0.041992
0 0.418945 0.880371 0.121094 0.081055
1 0.654297 0.430176 0.107422 0.067383
8 0.651367 0.140625 0.058594 0.058594