4 0.211914 0.818359 0.052734 0.052734
11 0.822754 0.644531 0.131836 0.060547
11 0.248047 0.619629 0.105469 0.067383
10 0.659668 0.637207 0.059570 0.059570
2 0.896484 0.493164 0.039062 0.039062
12 0.403809 0.350586 0.063477 0.048828
3 0.620117 0.306641 0.052734 0.052734
9 0.526855 0.225098 0.059570 0.059570
0 0.467773 0.862793 0.150391 0.059570
11 0.821289 0.142090 0.107422 0.059570
7 0.153320 0.449219 0.041016 0.041016
0 0.662109 0.546387 0.144531 0.079102
0 0.137695 0.102539 0.148438 0.062500
8 0.117188 0.601562 0.044922 0.044922