11 0.197754 0.381348 0.131836 0.061523
8 0.091797 0.228516 0.048828 0.048828
0 0.796387 0.691895 0.182617 0.071289
10 0.715820 0.433594 0.062500 0.062500
11 0.875000 0.506836 0.091797 0.048828
12 0.558594 0.487305 0.060547 0.052734
4 0.828125 0.174805 0.039062 0.039062
9 0.263184 0.925293 0.047852 0.047852
0 0.125977 0.506348 0.132812 0.083008
3 0.512695 0.166992 0.037109 0.037109
0 0.590332 0.688965 0.186523 0.096680
0 0.536621 0.394043 0.139648 0.073242
8 0.670410 0.353027 0.057617 0.057617
0 0.793457 0.285156 0.129883 0.078125
8 0.615723 0.085449 0.057617 0.057617
3 0.815430 0.598633 0.037109 0.037109
12 0.281250 0.492676 0.068359 0.061523
0 0.649414 0.841797 0.195312 0.074219