12 0.511230 0.150391 0.059570 0.048828
4 0.392578 0.648438 0.044922 0.044922
7 0.136719 0.469727 0.050781 0.050781
7 0.772461 0.452148 0.035156 0.035156
12 0.705078 0.253418 0.056641 0.065430
0 0.639160 0.599121 0.159180 0.077148
11 0.215332 0.589355 0.110352 0.065430
0 0.672852 0.831055 0.128906 0.093750
12 0.928711 0.607422 0.042969 0.062500
11 0.686523 0.162598 0.113281 0.061523
8 0.922852 0.379883 0.046875 0.046875
11 0.265137 0.347168 0.092773 0.051758
0 0.238770 0.183594 0.170898 0.078125
8 0.290039 0.419922 0.062500 0.062500
12 0.297363 0.862305 0.043945 0.064453
10 0.101074 0.586426 0.061523 0.061523
11 0.432129 0.311035 0.131836 0.063477