6 0.280273 0.577148 0.035156 0.035156
9 0.873047 0.199219 0.056641 0.056641
8 0.499512 0.142090 0.045898 0.045898
0 0.450195 0.570312 0.132812 0.093750
2 0.321289 0.109375 0.041016 0.041016
10 0.694336 0.465820 0.050781 0.050781
9 0.787109 0.684570 0.060547 0.060547
12 0.810059 0.901855 0.041992 0.063477
11 0.479492 0.812012 0.105469 0.053711
3 0.882324 0.608887 0.036133 0.036133
11 0.672363 0.344727 0.120117 0.056641
11 0.282227 0.450684 0.099609 0.065430
0 0.112305 0.566895 0.125000 0.086914
10 0.132812 0.908203 0.048828 0.048828
11 0.173340 0.733887 0.112305 0.069336