10 0.683105 0.465332 0.057617 0.057617
0 0.760742 0.700684 0.117188 0.075195
0 0.283691 0.819336 0.120117 0.064453
9 0.793945 0.512695 0.058594 0.058594
4 0.436035 0.927246 0.041992 0.041992
5 0.271484 0.122070 0.037109 0.037109
0 0.634277 0.182617 0.125977 0.085938
4 0.072266 0.110352 0.031250 0.031250
8 0.692871 0.899902 0.041992 0.041992
0 0.583496 0.803711 0.098633 0.083984
0 0.378418 0.288086 0.143555 0.072266
0 0.387207 0.179199 0.110352 0.083008
0 0.491211 0.637207 0.117188 0.077148
1 0.229004 0.695801 0.166992 0.077148