11 0.536621 0.816406 0.096680 0.078125
4 0.224609 0.425781 0.052734 0.052734
11 0.116211 0.766602 0.097656 0.058594
12 0.222168 0.913574 0.051758 0.059570
0 0.334473 0.204102 0.147461 0.085938
12 0.749023 0.234863 0.058594 0.073242
12 0.130859 0.300293 0.058594 0.059570
4 0.361816 0.069824 0.040039 0.040039
7 0.914551 0.097168 0.038086 0.038086
7 0.350098 0.399902 0.053711 0.053711
4 0.596680 0.370117 0.046875 0.046875
10 0.081543 0.451660 0.059570 0.059570
11 0.750977 0.883789 0.101562 0.050781
10 0.905273 0.257812 0.046875 0.046875