11 0.333984 0.774902 0.138672 0.061523
12 0.321777 0.492188 0.045898 0.056641
12 0.806152 0.081055 0.061523 0.058594
0 0.668945 0.854980 0.130859 0.090820
7 0.564941 0.537598 0.047852 0.047852
0 0.669922 0.206055 0.142578 0.097656
12 0.924316 0.655762 0.049805 0.055664
11 0.150391 0.262207 0.146484 0.077148
9 0.384766 0.621094 0.054688 0.054688
0 0.561523 0.091309 0.177734 0.077148
11 0.739258 0.426270 0.089844 0.073242
11 0.678223 0.541016 0.112305 0.076172
11 0.716309 0.629395 0.092773 0.061523
5 0.554199 0.762207 0.041992 0.041992
12 0.891602 0.256348 0.060547 0.069336