0 0.678711 0.498047 0.148438 0.093750
11 0.797852 0.710938 0.152344 0.058594
9 0.541016 0.306641 0.054688 0.054688
0 0.356934 0.122070 0.147461 0.082031
10 0.107422 0.148438 0.050781 0.050781
11 0.615234 0.611816 0.109375 0.063477
2 0.568848 0.386230 0.034180 0.034180
11 0.465820 0.754395 0.093750 0.061523
0 0.736328 0.174805 0.138672 0.078125
12 0.727051 0.307617 0.061523 0.068359
10 0.910156 0.562500 0.044922 0.044922
11 0.360840 0.343750 0.125977 0.070312
9 0.916016 0.892578 0.044922 0.044922
8 0.410645 0.477051 0.047852 0.047852