3 0.285645 0.610840 0.038086 0.038086
12 0.687012 0.099609 0.051758 0.056641
11 0.814453 0.435059 0.142578 0.049805
8 0.735352 0.891602 0.054688 0.054688
10 0.542480 0.251465 0.063477 0.063477
11 0.776855 0.782715 0.129883 0.061523
12 0.185059 0.194824 0.067383 0.051758
3 0.402832 0.928223 0.036133 0.036133
8 0.348633 0.639648 0.052734 0.052734
4 0.775879 0.365723 0.036133 0.036133
8 0.697754 0.279785 0.055664 0.055664
9 0.232910 0.822754 0.057617 0.057617
0 0.834473 0.545410 0.188477 0.067383
12 0.900879 0.806152 0.061523 0.063477
12 0.536133 0.707031 0.058594 0.062500