9 0.312012 0.105957 0.043945 0.043945
12 0.604492 0.387695 0.052734 0.052734
0 0.708496 0.666504 0.194336 0.083008
0 0.587891 0.237793 0.125000 0.090820
0 0.770508 0.860352 0.187500 0.085938
11 0.395996 0.592773 0.125977 0.052734
11 0.401367 0.092285 0.101562 0.075195
7 0.424316 0.384277 0.041992 0.041992
0 0.437988 0.900391 0.184570 0.076172
8 0.201660 0.336426 0.055664 0.055664
6 0.262207 0.797363 0.045898 0.045898
8 0.177246 0.258301 0.061523 0.061523
11 0.838867 0.521484 0.113281 0.066406
0 0.345703 0.470703 0.187500 0.091797
11 0.202148 0.681152 0.121094 0.071289
0 0.478516 0.742188 0.158203 0.093750
8 0.426758 0.264648 0.044922 0.044922
9 0.769043 0.161621 0.045898 0.045898