8 0.539551 0.645020 0.057617 0.057617
1 0.677734 0.567871 0.175781 0.065430
9 0.557617 0.455078 0.054688 0.054688
6 0.134277 0.920410 0.030273 0.030273
6 0.881836 0.222656 0.046875 0.046875
1 0.413574 0.833008 0.102539 0.070312
10 0.783691 0.192871 0.049805 0.049805
1 0.249023 0.388672 0.136719 0.054688
5 0.299316 0.520996 0.032227 0.032227
0 0.149414 0.619141 0.162109 0.052734
0 0.143066 0.210938 0.143555 0.058594
1 0.341309 0.285645 0.190430 0.069336
1 0.898926 0.828613 0.098633 0.061523
0 0.149902 0.510254 0.166992 0.075195