0 0.741211 0.479004 0.152344 0.088867
12 0.381836 0.388184 0.039062 0.061523
4 0.387695 0.867188 0.050781 0.050781
12 0.673340 0.133301 0.043945 0.057617
12 0.264648 0.654785 0.046875 0.057617
11 0.283203 0.560547 0.089844 0.050781
12 0.602051 0.688965 0.051758 0.069336
5 0.158203 0.720703 0.046875 0.046875
9 0.776367 0.921875 0.058594 0.058594
0 0.441895 0.694336 0.172852 0.076172
2 0.848633 0.732422 0.050781 0.050781
12 0.279785 0.902832 0.067383 0.055664
6 0.096191 0.464355 0.040039 0.040039
9 0.402344 0.265625 0.056641 0.056641
8 0.739746 0.357910 0.043945 0.043945
11 0.586914 0.346191 0.154297 0.061523
2 0.415039 0.510742 0.035156 0.035156