12 0.860840 0.861816 0.063477 0.063477
11 0.699707 0.220703 0.145508 0.060547
2 0.843262 0.679199 0.038086 0.038086
12 0.205078 0.169922 0.062500 0.062500
11 0.226562 0.245117 0.111328 0.056641
12 0.353027 0.526855 0.051758 0.049805
8 0.135254 0.437012 0.053711 0.053711
0 0.688477 0.595703 0.173828 0.083984
0 0.833496 0.456055 0.137695 0.068359
11 0.750488 0.757324 0.155273 0.071289
8 0.355469 0.879883 0.052734 0.052734
11 0.843262 0.289551 0.110352 0.075195
7 0.769043 0.889160 0.034180 0.034180
11 0.363770 0.163574 0.129883 0.059570
10 0.438965 0.535645 0.055664 0.055664