0 0.842773 0.395996 0.167969 0.063477
9 0.510742 0.837891 0.052734 0.052734
3 0.711914 0.532227 0.041016 0.041016
0 0.802734 0.864258 0.107422 0.060547
0 0.141113 0.856445 0.139648 0.056641
1 0.631836 0.785645 0.142578 0.065430
2 0.236816 0.361816 0.038086 0.038086
6 0.377441 0.556152 0.045898 0.045898
1 0.344238 0.638184 0.161133 0.065430
4 0.703125 0.630859 0.044922 0.044922
9 0.838379 0.079590 0.041992 0.041992
2 0.585938 0.923828 0.039062 0.039062
5 0.925781 0.805664 0.029297 0.029297
9 0.807129 0.733887 0.045898 0.045898