11 0.287109 0.472656 0.150391 0.062500
6 0.256836 0.674805 0.048828 0.048828
11 0.293945 0.241211 0.125000 0.076172
9 0.171875 0.217773 0.050781 0.050781
0 0.854492 0.409668 0.171875 0.079102
11 0.377441 0.646484 0.149414 0.068359
6 0.197266 0.114258 0.041016 0.041016
0 0.291016 0.339844 0.187500 0.072266
11 0.717773 0.760254 0.126953 0.067383
6 0.555664 0.851562 0.037109 0.037109
0 0.132324 0.438477 0.127930 0.085938
12 0.515137 0.524902 0.063477 0.073242
10 0.077148 0.617188 0.054688 0.054688
0 0.258789 0.878418 0.134766 0.071289
0 0.315918 0.774902 0.180664 0.073242
11 0.854980 0.810059 0.104492 0.071289