10 0.836426 0.229004 0.055664 0.055664
12 0.306152 0.875488 0.059570 0.077148
10 0.849609 0.799805 0.052734 0.052734
0 0.400391 0.432617 0.154297 0.080078
0 0.325684 0.291016 0.143555 0.076172
7 0.655762 0.364746 0.045898 0.045898
0 0.311035 0.532227 0.161133 0.074219
12 0.799316 0.131836 0.053711 0.056641
4 0.612793 0.593262 0.045898 0.045898
11 0.825195 0.316895 0.146484 0.071289
12 0.799316 0.635254 0.040039 0.049805
0 0.578125 0.172363 0.173828 0.079102
10 0.135254 0.797363 0.061523 0.061523
5 0.230469 0.145508 0.046875 0.046875