8 0.724121 0.782715 0.055664 0.055664
9 0.614746 0.185059 0.047852 0.047852
12 0.080078 0.875977 0.041016 0.054688
8 0.357910 0.235840 0.061523 0.061523
8 0.902832 0.245605 0.045898 0.045898
12 0.510742 0.402832 0.066406 0.063477
11 0.513184 0.558105 0.129883 0.069336
12 0.127441 0.576172 0.053711 0.054688
0 0.806152 0.520020 0.178711 0.096680
0 0.262207 0.602051 0.151367 0.063477
0 0.645020 0.280273 0.143555 0.091797
10 0.833496 0.624512 0.063477 0.063477
12 0.606445 0.390625 0.042969 0.066406
0 0.790527 0.880371 0.176758 0.079102
11 0.712891 0.096191 0.136719 0.067383
9 0.822266 0.229492 0.044922 0.044922
9 0.386719 0.747070 0.052734 0.052734
0 0.362305 0.399902 0.162109 0.075195