10 0.117188 0.191406 0.060547 0.060547
2 0.596680 0.107422 0.050781 0.050781
10 0.238281 0.394531 0.044922 0.044922
11 0.299316 0.691895 0.137695 0.049805
11 0.595703 0.365723 0.125000 0.059570
5 0.452637 0.834473 0.043945 0.043945
0 0.391602 0.567871 0.193359 0.092773
0 0.352051 0.783203 0.122070 0.085938
11 0.132812 0.379395 0.132812 0.057617
11 0.716797 0.643555 0.101562 0.078125
11 0.148926 0.555664 0.139648 0.064453
9 0.712402 0.227051 0.059570 0.059570
4 0.288086 0.079102 0.052734 0.052734
11 0.890137 0.227051 0.122070 0.065430
6 0.496582 0.723145 0.038086 0.038086
4 0.450684 0.249512 0.038086 0.038086