10 0.356445 0.591797 0.056641 0.056641
9 0.864746 0.188965 0.055664 0.055664
2 0.187500 0.209961 0.037109 0.037109
6 0.672852 0.641602 0.037109 0.037109
11 0.671875 0.752441 0.130859 0.063477
10 0.832031 0.615234 0.046875 0.046875
0 0.597168 0.269531 0.163086 0.066406
0 0.164551 0.520996 0.139648 0.075195
0 0.567383 0.561523 0.150391 0.078125
11 0.299805 0.396484 0.101562 0.066406
12 0.462402 0.828613 0.045898 0.051758
12 0.862305 0.410645 0.060547 0.069336
5 0.664062 0.074219 0.041016 0.041016
12 0.101074 0.427246 0.057617 0.077148
0 0.479980 0.445312 0.192383 0.095703
12 0.904297 0.889160 0.058594 0.063477