12 0.102539 0.707031 0.058594 0.062500
4 0.548828 0.138672 0.050781 0.050781
12 0.453613 0.856445 0.065430 0.076172
9 0.378418 0.641113 0.045898 0.045898
3 0.443848 0.718262 0.045898 0.045898
5 0.165527 0.526855 0.047852 0.047852
5 0.127441 0.183105 0.053711 0.053711
0 0.292480 0.331543 0.143555 0.061523
12 0.560059 0.611328 0.049805 0.076172
0 0.602051 0.223633 0.194336 0.074219
8 0.316895 0.078613 0.045898 0.045898
8 0.234863 0.669434 0.047852 0.047852
9 0.821289 0.079102 0.048828 0.048828
12 0.839844 0.660645 0.050781 0.051758
11 0.796875 0.313477 0.113281 0.076172
5 0.391113 0.553223 0.040039 0.040039