8 0.388672 0.557617 0.048828 0.048828
0 0.211914 0.812500 0.103516 0.064453
1 0.154785 0.402344 0.114258 0.066406
5 0.544434 0.659668 0.040039 0.040039
6 0.584473 0.445801 0.047852 0.047852
9 0.578613 0.765137 0.055664 0.055664
1 0.321289 0.251953 0.130859 0.068359
7 0.229492 0.524414 0.042969 0.042969
1 0.734863 0.365234 0.124023 0.064453
0 0.403320 0.144043 0.144531 0.057617
10 0.637207 0.559082 0.045898 0.045898
1 0.687012 0.175293 0.192383 0.071289
0 0.809570 0.767090 0.099609 0.057617
4 0.515137 0.299316 0.036133 0.036133
0 0.676758 0.273926 0.160156 0.077148