8 0.708008 0.359375 0.050781 0.050781
12 0.792969 0.246582 0.052734 0.075195
12 0.084961 0.168945 0.056641 0.062500
5 0.922363 0.220215 0.040039 0.040039
12 0.197754 0.426758 0.047852 0.060547
11 0.395020 0.239258 0.143555 0.072266
11 0.209473 0.254883 0.092773 0.070312
2 0.409180 0.461914 0.041016 0.041016
12 0.828613 0.642578 0.047852 0.058594
0 0.556152 0.338379 0.165039 0.077148
0 0.718750 0.498535 0.191406 0.090820
0 0.211426 0.914551 0.166992 0.067383
10 0.453125 0.828125 0.056641 0.056641
11 0.356445 0.321777 0.107422 0.061523
8 0.541504 0.685059 0.049805 0.049805
11 0.339844 0.125000 0.119141 0.062500
12 0.522949 0.556152 0.043945 0.055664
8 0.810547 0.816406 0.044922 0.044922