8 0.405273 0.641602 0.044922 0.044922
11 0.562988 0.417969 0.124023 0.048828
2 0.393066 0.319824 0.038086 0.038086
0 0.333496 0.451660 0.174805 0.061523
3 0.112793 0.223145 0.043945 0.043945
12 0.557617 0.589844 0.042969 0.070312
5 0.514160 0.161621 0.051758 0.051758
8 0.742188 0.880859 0.058594 0.058594
7 0.327148 0.166992 0.052734 0.052734
12 0.179199 0.422852 0.063477 0.062500
12 0.894043 0.430664 0.047852 0.072266
0 0.183105 0.877441 0.149414 0.063477
8 0.871094 0.830078 0.046875 0.046875
9 0.829590 0.696777 0.047852 0.047852
9 0.104004 0.678223 0.055664 0.055664
9 0.753906 0.221680 0.044922 0.044922
12 0.450195 0.780762 0.041016 0.067383
12 0.651855 0.683594 0.065430 0.064453