12 0.506348 0.543945 0.049805 0.052734
11 0.834961 0.837402 0.144531 0.069336
7 0.513184 0.202637 0.051758 0.051758
0 0.304199 0.096191 0.166992 0.073242
9 0.343262 0.279785 0.055664 0.055664
9 0.694336 0.593750 0.056641 0.056641
7 0.208008 0.230469 0.037109 0.037109
11 0.512695 0.882324 0.117188 0.075195
12 0.087891 0.570801 0.058594 0.055664
11 0.809570 0.707031 0.154297 0.066406
10 0.667969 0.839844 0.058594 0.058594
12 0.616211 0.729004 0.044922 0.069336
7 0.149414 0.909180 0.037109 0.037109
11 0.563965 0.344727 0.104492 0.074219
7 0.854004 0.383301 0.045898 0.045898
11 0.626953 0.218262 0.095703 0.075195