6 0.823730 0.436035 0.045898 0.045898
0 0.299316 0.114258 0.124023 0.054688
0 0.334961 0.339844 0.169922 0.082031
2 0.619629 0.227051 0.040039 0.040039
1 0.621582 0.659668 0.182617 0.067383
5 0.911621 0.291504 0.036133 0.036133
1 0.849121 0.095215 0.104492 0.071289
0 0.533203 0.430664 0.111328 0.062500
2 0.369629 0.891113 0.040039 0.040039
1 0.146484 0.490723 0.111328 0.075195
3 0.367676 0.728027 0.030273 0.030273
10 0.188477 0.267578 0.042969 0.042969
10 0.272461 0.780273 0.052734 0.052734
6 0.893066 0.718262 0.043945 0.043945
6 0.145020 0.347168 0.043945 0.043945