2 0.919922 0.288086 0.048828 0.048828
3 0.475586 0.834961 0.044922 0.044922
11 0.107422 0.451660 0.109375 0.065430
0 0.530762 0.690430 0.139648 0.080078
11 0.822266 0.196289 0.089844 0.068359
11 0.759277 0.601562 0.124023 0.052734
11 0.279785 0.533691 0.102539 0.063477
0 0.297852 0.138672 0.160156 0.093750
3 0.363281 0.634766 0.044922 0.044922
11 0.550781 0.420898 0.105469 0.054688
12 0.232910 0.333008 0.049805 0.048828
4 0.703613 0.086426 0.043945 0.043945
10 0.303711 0.371094 0.046875 0.046875
0 0.113770 0.667480 0.127930 0.061523
12 0.843750 0.841309 0.062500 0.073242
6 0.729004 0.366699 0.047852 0.047852
7 0.560547 0.859375 0.044922 0.044922
12 0.152832 0.764648 0.043945 0.066406