12 0.427734 0.146973 0.058594 0.065430
12 0.763672 0.731445 0.050781 0.050781
12 0.145996 0.220703 0.045898 0.054688
9 0.696289 0.707031 0.050781 0.050781
10 0.199219 0.474609 0.060547 0.060547
0 0.524414 0.895508 0.150391 0.066406
12 0.917480 0.850098 0.065430 0.053711
12 0.281250 0.913574 0.044922 0.053711
9 0.180176 0.864746 0.061523 0.061523
10 0.540039 0.423828 0.044922 0.044922
0 0.847168 0.453613 0.180664 0.092773
0 0.331543 0.534180 0.166992 0.076172
2 0.067871 0.267090 0.038086 0.038086