8 0.625977 0.263672 0.050781 0.050781
11 0.654785 0.168457 0.151367 0.065430
5 0.246094 0.095703 0.044922 0.044922
11 0.790039 0.304199 0.134766 0.067383
12 0.257324 0.548340 0.067383 0.049805
12 0.290039 0.333496 0.062500 0.071289
12 0.539551 0.129395 0.040039 0.073242
12 0.095215 0.854492 0.063477 0.058594
4 0.140137 0.402832 0.038086 0.038086
11 0.516113 0.875000 0.108398 0.070312
11 0.835938 0.866699 0.099609 0.057617
8 0.479980 0.235840 0.053711 0.053711
0 0.782715 0.470703 0.135742 0.064453