11 0.309082 0.830566 0.153320 0.051758
10 0.077148 0.737305 0.044922 0.044922
11 0.527344 0.233398 0.111328 0.058594
10 0.559082 0.100098 0.051758 0.051758
0 0.265137 0.185059 0.182617 0.084961
6 0.118652 0.275879 0.041992 0.041992
0 0.342285 0.587402 0.122070 0.075195
11 0.488770 0.561035 0.139648 0.051758
12 0.712402 0.516113 0.043945 0.061523
0 0.700684 0.382812 0.149414 0.078125
6 0.359375 0.281250 0.048828 0.048828
12 0.270508 0.362793 0.064453 0.051758
4 0.651855 0.093262 0.047852 0.047852
8 0.894043 0.529785 0.055664 0.055664
11 0.879395 0.296387 0.129883 0.067383
11 0.802246 0.890625 0.139648 0.056641
0 0.556641 0.875488 0.132812 0.084961
4 0.891113 0.132324 0.034180 0.034180