0 0.756348 0.902344 0.129883 0.064453
0 0.297852 0.555176 0.148438 0.083008
9 0.144043 0.427246 0.043945 0.043945
3 0.602539 0.397461 0.039062 0.039062
1 0.153320 0.794922 0.193359 0.060547
0 0.834961 0.348145 0.101562 0.051758
9 0.781250 0.447266 0.041016 0.041016
9 0.320312 0.731445 0.048828 0.048828
4 0.104980 0.891113 0.047852 0.047852
4 0.619629 0.583496 0.043945 0.043945
1 0.164062 0.271484 0.142578 0.072266
0 0.369141 0.244141 0.099609 0.052734
5 0.087402 0.508301 0.036133 0.036133
9 0.791992 0.564453 0.039062 0.039062