0 0.451660 0.734375 0.143555 0.060547
7 0.533691 0.823730 0.047852 0.047852
11 0.147949 0.726074 0.112305 0.067383
4 0.618164 0.891602 0.046875 0.046875
0 0.257324 0.614258 0.178711 0.087891
4 0.650879 0.442871 0.045898 0.045898
5 0.814941 0.815918 0.040039 0.040039
10 0.309570 0.857422 0.044922 0.044922
0 0.829590 0.679199 0.170898 0.075195
9 0.915039 0.866211 0.044922 0.044922
0 0.195801 0.458984 0.155273 0.074219
0 0.628418 0.743652 0.127930 0.079102
12 0.272461 0.148438 0.066406 0.056641
12 0.091309 0.203613 0.049805 0.057617
12 0.545898 0.404785 0.042969 0.057617
4 0.111328 0.851562 0.041016 0.041016
11 0.395020 0.263184 0.098633 0.067383