11 0.240723 0.446777 0.149414 0.065430
0 0.835938 0.373047 0.117188 0.082031
10 0.526855 0.790527 0.057617 0.057617
12 0.697754 0.662598 0.065430 0.065430
11 0.176758 0.182617 0.140625 0.068359
0 0.761230 0.262695 0.161133 0.085938
0 0.114258 0.738281 0.123047 0.093750
0 0.705566 0.843750 0.125977 0.080078
10 0.110352 0.094727 0.054688 0.054688
5 0.429688 0.765625 0.046875 0.046875
8 0.708008 0.531250 0.048828 0.048828
11 0.234863 0.896484 0.135742 0.070312
11 0.174316 0.338867 0.096680 0.050781
8 0.858398 0.784180 0.062500 0.062500
4 0.312500 0.785156 0.044922 0.044922