0 0.606934 0.345703 0.151367 0.066406
8 0.831055 0.769531 0.044922 0.044922
6 0.533691 0.145996 0.049805 0.049805
6 0.511230 0.266113 0.041992 0.041992
11 0.652832 0.235840 0.096680 0.075195
0 0.848145 0.289551 0.145508 0.086914
11 0.189941 0.085449 0.141602 0.059570
5 0.090332 0.562988 0.034180 0.034180
12 0.187988 0.279785 0.059570 0.049805
9 0.427246 0.080566 0.049805 0.049805
11 0.870117 0.394531 0.097656 0.074219
11 0.588867 0.692871 0.087891 0.075195
6 0.746582 0.782715 0.038086 0.038086
4 0.456055 0.443359 0.039062 0.039062
0 0.241211 0.875000 0.138672 0.093750