11 0.340820 0.672363 0.125000 0.061523
9 0.410156 0.541992 0.050781 0.050781
12 0.410645 0.896973 0.053711 0.077148
2 0.904785 0.630371 0.038086 0.038086
9 0.398926 0.082520 0.061523 0.061523
11 0.665039 0.442383 0.121094 0.066406
0 0.459961 0.327148 0.128906 0.082031
11 0.228516 0.525391 0.093750 0.052734
0 0.592285 0.838379 0.176758 0.083008
12 0.782227 0.811035 0.068359 0.075195
0 0.764160 0.116211 0.184570 0.058594
2 0.621582 0.732910 0.053711 0.053711
0 0.805176 0.270020 0.161133 0.084961
8 0.787598 0.489746 0.055664 0.055664
12 0.179199 0.798340 0.055664 0.077148
9 0.099609 0.523438 0.050781 0.050781
11 0.190430 0.877930 0.140625 0.050781