8 0.560059 0.555176 0.049805 0.049805
0 0.458496 0.223633 0.141602 0.064453
0 0.263184 0.743652 0.188477 0.088867
11 0.404785 0.137695 0.098633 0.052734
11 0.272461 0.596191 0.099609 0.071289
12 0.683594 0.159180 0.066406 0.076172
8 0.794434 0.395996 0.043945 0.043945
8 0.272461 0.376953 0.046875 0.046875
11 0.799316 0.586914 0.137695 0.066406
9 0.876953 0.737305 0.050781 0.050781
12 0.735840 0.318848 0.055664 0.077148
0 0.498535 0.756836 0.120117 0.089844
12 0.096680 0.335938 0.052734 0.060547
11 0.847168 0.209473 0.114258 0.049805