11 0.488281 0.404297 0.134766 0.064453
0 0.528320 0.885742 0.123047 0.091797
12 0.272461 0.632812 0.050781 0.076172
10 0.202637 0.190918 0.063477 0.063477
10 0.263184 0.461426 0.063477 0.063477
12 0.367676 0.491211 0.041992 0.062500
0 0.708984 0.496582 0.193359 0.071289
3 0.250977 0.812500 0.052734 0.052734
6 0.617676 0.743652 0.045898 0.045898
11 0.810059 0.332031 0.139648 0.070312
8 0.595215 0.234863 0.051758 0.051758
12 0.864258 0.513184 0.068359 0.077148
8 0.133789 0.682617 0.060547 0.060547