0 0.203613 0.866211 0.135742 0.070312
2 0.841309 0.298340 0.036133 0.036133
0 0.722656 0.398926 0.171875 0.065430
0 0.846680 0.800781 0.126953 0.083984
9 0.207520 0.594238 0.053711 0.053711
0 0.422852 0.359375 0.119141 0.080078
12 0.752930 0.283203 0.046875 0.074219
0 0.210938 0.135742 0.167969 0.083984
12 0.335449 0.539062 0.057617 0.050781
11 0.423828 0.239258 0.125000 0.054688
5 0.840332 0.145996 0.045898 0.045898
5 0.920898 0.279297 0.042969 0.042969
10 0.547363 0.434082 0.043945 0.043945
12 0.121094 0.627441 0.068359 0.049805
11 0.421387 0.094727 0.127930 0.062500
5 0.614746 0.249512 0.047852 0.047852
7 0.494629 0.791504 0.051758 0.051758
0 0.665039 0.804688 0.164062 0.062500