4 0.467773 0.151367 0.042969 0.042969
10 0.472656 0.425781 0.044922 0.044922
1 0.116699 0.529297 0.106445 0.048828
10 0.720703 0.777344 0.048828 0.048828
1 0.171875 0.316406 0.105469 0.072266
10 0.569824 0.757324 0.043945 0.043945
1 0.613281 0.531738 0.115234 0.077148
1 0.726562 0.287598 0.142578 0.053711
1 0.591309 0.182129 0.137695 0.063477
1 0.446777 0.333008 0.141602 0.058594
0 0.295410 0.147461 0.141602 0.074219
1 0.329102 0.872559 0.148438 0.065430
6 0.637695 0.748047 0.044922 0.044922
0 0.865723 0.913574 0.163086 0.063477