8 0.358887 0.811035 0.047852 0.047852
0 0.407227 0.229980 0.175781 0.065430
8 0.823242 0.124023 0.041016 0.041016
0 0.760742 0.729492 0.138672 0.070312
1 0.581543 0.311523 0.104492 0.066406
1 0.550781 0.850098 0.134766 0.057617
1 0.771973 0.842773 0.170898 0.078125
1 0.195801 0.301270 0.163086 0.071289
0 0.247559 0.777832 0.124023 0.079102
1 0.381836 0.508301 0.187500 0.063477
4 0.491211 0.146484 0.033203 0.033203
10 0.101562 0.548828 0.052734 0.052734
9 0.839844 0.393555 0.039062 0.039062
1 0.505859 0.654297 0.183594 0.056641