1 0.357910 0.668945 0.155273 0.050781
9 0.822266 0.288086 0.050781 0.050781
7 0.422363 0.490723 0.043945 0.043945
8 0.641113 0.732910 0.041992 0.041992
9 0.826660 0.080566 0.041992 0.041992
8 0.245117 0.377930 0.050781 0.050781
0 0.604980 0.810059 0.145508 0.063477
8 0.415039 0.887695 0.058594 0.058594
0 0.155273 0.577637 0.097656 0.057617
10 0.911133 0.842773 0.042969 0.042969
1 0.791992 0.549805 0.117188 0.068359
8 0.260254 0.459473 0.047852 0.047852
1 0.449707 0.345703 0.159180 0.072266
3 0.828125 0.913086 0.041016 0.041016