3 0.460449 0.707520 0.053711 0.053711
4 0.542969 0.498047 0.050781 0.050781
5 0.350098 0.422363 0.047852 0.047852
11 0.447266 0.464844 0.103516 0.056641
11 0.261230 0.620117 0.114258 0.066406
11 0.299805 0.895020 0.140625 0.067383
11 0.239746 0.280273 0.102539 0.066406
12 0.179688 0.183594 0.048828 0.076172
0 0.793457 0.627930 0.151367 0.089844
10 0.633789 0.604492 0.062500 0.062500
8 0.729980 0.470215 0.045898 0.045898
11 0.195801 0.534668 0.120117 0.067383
12 0.495605 0.341797 0.047852 0.058594
0 0.601074 0.867188 0.180664 0.074219