0 0.481445 0.671387 0.146484 0.073242
10 0.505371 0.536621 0.041992 0.041992
1 0.267578 0.620605 0.169922 0.075195
3 0.233887 0.394043 0.032227 0.032227
2 0.806641 0.256836 0.048828 0.048828
10 0.844727 0.507812 0.046875 0.046875
8 0.339355 0.354004 0.041992 0.041992
5 0.521484 0.094727 0.046875 0.046875
5 0.775391 0.507812 0.031250 0.031250
1 0.693848 0.361328 0.168945 0.060547
1 0.751465 0.599121 0.125977 0.069336
4 0.660645 0.821777 0.036133 0.036133
1 0.317383 0.114258 0.109375 0.062500
1 0.446289 0.831055 0.158203 0.076172