8 0.666016 0.456055 0.050781 0.050781
2 0.916504 0.351074 0.045898 0.045898
12 0.604004 0.163086 0.043945 0.066406
2 0.867676 0.653809 0.047852 0.047852
0 0.850586 0.454102 0.144531 0.058594
12 0.615234 0.795410 0.064453 0.071289
12 0.352539 0.823730 0.050781 0.071289
11 0.154297 0.167969 0.130859 0.062500
3 0.110840 0.842285 0.036133 0.036133
8 0.634277 0.668457 0.061523 0.061523
12 0.085449 0.439453 0.041992 0.060547
10 0.424316 0.654785 0.057617 0.057617
11 0.779785 0.562500 0.114258 0.078125
0 0.466309 0.082031 0.135742 0.062500