11 0.527832 0.387207 0.153320 0.051758
11 0.203125 0.510742 0.115234 0.056641
5 0.468750 0.110352 0.048828 0.048828
10 0.424805 0.521484 0.062500 0.062500
0 0.472168 0.904297 0.188477 0.068359
4 0.246094 0.777344 0.035156 0.035156
10 0.478027 0.248535 0.043945 0.043945
8 0.813477 0.213867 0.060547 0.060547
12 0.876465 0.847168 0.067383 0.061523
9 0.153809 0.149902 0.055664 0.055664
11 0.209473 0.626953 0.133789 0.050781
7 0.915039 0.302734 0.041016 0.041016
11 0.208496 0.262695 0.147461 0.048828
6 0.744629 0.758301 0.040039 0.040039
2 0.116699 0.911621 0.036133 0.036133
0 0.861816 0.567871 0.168945 0.092773
11 0.755371 0.676270 0.135742 0.075195
0 0.665527 0.187500 0.174805 0.066406