5 0.789062 0.204102 0.052734 0.052734
0 0.730469 0.808594 0.142578 0.058594
11 0.596680 0.578613 0.109375 0.073242
11 0.589355 0.258301 0.127930 0.057617
0 0.829590 0.384277 0.143555 0.077148
11 0.247559 0.680664 0.092773 0.078125
12 0.794434 0.633301 0.055664 0.077148
11 0.300781 0.480957 0.136719 0.069336
4 0.198730 0.376465 0.053711 0.053711
11 0.108398 0.237793 0.103516 0.059570
12 0.362305 0.376465 0.062500 0.073242
12 0.471680 0.645508 0.044922 0.054688
2 0.408691 0.104004 0.051758 0.051758
11 0.396973 0.775391 0.129883 0.058594
11 0.141602 0.145508 0.138672 0.064453
10 0.695801 0.716309 0.063477 0.063477