6 0.716797 0.916016 0.035156 0.035156
10 0.914062 0.421875 0.050781 0.050781
8 0.702637 0.446777 0.047852 0.047852
2 0.394043 0.428223 0.036133 0.036133
10 0.225586 0.178711 0.052734 0.052734
8 0.493652 0.478027 0.040039 0.040039
0 0.180664 0.463379 0.164062 0.063477
0 0.546875 0.612305 0.162109 0.054688
3 0.647461 0.179688 0.029297 0.029297
5 0.302734 0.858398 0.031250 0.031250
4 0.182617 0.104492 0.033203 0.033203
1 0.516113 0.166016 0.165039 0.052734
10 0.297852 0.108398 0.048828 0.048828
2 0.707031 0.350586 0.033203 0.033203