3 0.655273 0.702148 0.039062 0.039062
9 0.499512 0.811035 0.061523 0.061523
11 0.853516 0.586426 0.148438 0.069336
10 0.232422 0.712891 0.058594 0.058594
11 0.146973 0.827637 0.118164 0.053711
0 0.444824 0.521484 0.145508 0.080078
2 0.832031 0.713867 0.042969 0.042969
0 0.291016 0.514160 0.119141 0.077148
2 0.749512 0.666504 0.053711 0.053711
3 0.324707 0.186035 0.047852 0.047852
8 0.758789 0.190430 0.046875 0.046875
12 0.250488 0.278320 0.067383 0.058594
11 0.705566 0.906250 0.155273 0.076172
0 0.596191 0.316895 0.157227 0.090820
11 0.360840 0.639160 0.096680 0.067383
12 0.266113 0.903809 0.055664 0.071289
11 0.141113 0.577637 0.127930 0.049805
11 0.480957 0.214355 0.116211 0.077148