9 0.536133 0.854492 0.042969 0.042969
1 0.372070 0.750488 0.167969 0.063477
1 0.124512 0.537598 0.129883 0.069336
2 0.834961 0.472656 0.041016 0.041016
2 0.430176 0.540527 0.034180 0.034180
1 0.789062 0.184082 0.160156 0.069336
1 0.286133 0.364258 0.132812 0.052734
1 0.723633 0.328125 0.177734 0.066406
1 0.605957 0.674316 0.192383 0.069336
9 0.098145 0.124512 0.051758 0.051758
1 0.413086 0.168945 0.097656 0.066406
1 0.724121 0.910645 0.133789 0.065430
1 0.150391 0.707031 0.166016 0.072266
0 0.130859 0.361328 0.123047 0.056641