0 0.636230 0.421387 0.149414 0.083008
0 0.193848 0.286133 0.112305 0.066406
0 0.863770 0.106934 0.135742 0.063477
8 0.923340 0.662598 0.047852 0.047852
1 0.163086 0.699707 0.148438 0.075195
1 0.231934 0.607910 0.131836 0.067383
9 0.235840 0.800293 0.053711 0.053711
7 0.684082 0.839355 0.041992 0.041992
9 0.373047 0.776367 0.052734 0.052734
10 0.758789 0.191406 0.056641 0.056641
7 0.521973 0.513184 0.043945 0.043945
6 0.410156 0.468750 0.048828 0.048828
1 0.538086 0.691406 0.169922 0.074219
1 0.701172 0.595215 0.146484 0.061523
0 0.808105 0.869629 0.102539 0.069336