0 0.785156 0.223145 0.189453 0.067383
12 0.616699 0.776855 0.065430 0.071289
10 0.857910 0.112793 0.057617 0.057617
3 0.100098 0.167480 0.043945 0.043945
0 0.140625 0.500977 0.128906 0.066406
12 0.600586 0.097168 0.056641 0.063477
5 0.181641 0.593750 0.050781 0.050781
2 0.420898 0.369141 0.046875 0.046875
12 0.835938 0.318848 0.064453 0.071289
11 0.747559 0.652344 0.120117 0.056641
11 0.322754 0.699707 0.143555 0.073242
11 0.629883 0.406250 0.093750 0.062500
5 0.706543 0.819824 0.053711 0.053711
10 0.284668 0.882324 0.053711 0.053711
10 0.164551 0.738770 0.045898 0.045898