0 0.185547 0.382812 0.156250 0.083984
0 0.159668 0.842285 0.145508 0.049805
1 0.543945 0.360352 0.166016 0.056641
1 0.660156 0.902344 0.181641 0.068359
7 0.145020 0.254395 0.036133 0.036133
10 0.217285 0.731934 0.043945 0.043945
1 0.683105 0.201660 0.147461 0.059570
1 0.687988 0.117188 0.104492 0.062500
8 0.550781 0.474609 0.056641 0.056641
9 0.242188 0.129883 0.054688 0.054688
10 0.312500 0.563477 0.052734 0.052734
0 0.391602 0.143555 0.138672 0.076172
10 0.676758 0.499023 0.056641 0.056641
4 0.585938 0.725586 0.033203 0.033203