10 0.270996 0.212402 0.055664 0.055664
12 0.780762 0.555664 0.057617 0.066406
8 0.268066 0.613770 0.053711 0.053711
5 0.244141 0.291992 0.052734 0.052734
4 0.583984 0.693359 0.044922 0.044922
12 0.739746 0.650879 0.067383 0.073242
4 0.812988 0.256348 0.043945 0.043945
5 0.912109 0.597656 0.046875 0.046875
3 0.380859 0.544922 0.044922 0.044922
12 0.775391 0.338379 0.046875 0.059570
11 0.364746 0.400391 0.102539 0.068359
8 0.518555 0.397461 0.052734 0.052734
12 0.913086 0.738281 0.050781 0.074219
5 0.393555 0.834961 0.039062 0.039062
12 0.787598 0.127441 0.041992 0.057617
7 0.160645 0.613770 0.051758 0.051758