4 0.696289 0.211914 0.046875 0.046875
11 0.628418 0.520508 0.116211 0.066406
10 0.443848 0.275879 0.049805 0.049805
10 0.225098 0.764160 0.045898 0.045898
11 0.542969 0.427734 0.130859 0.054688
11 0.207520 0.695801 0.131836 0.049805
0 0.856934 0.276855 0.157227 0.061523
11 0.644531 0.753906 0.089844 0.062500
12 0.876465 0.558105 0.067383 0.053711
8 0.358887 0.490723 0.049805 0.049805
11 0.471680 0.116211 0.119141 0.060547
7 0.372070 0.738281 0.041016 0.041016
9 0.782715 0.464355 0.057617 0.057617
12 0.905273 0.748047 0.058594 0.052734
0 0.590332 0.655273 0.192383 0.064453
0 0.218750 0.288574 0.195312 0.083008