12 0.090820 0.907715 0.056641 0.065430
0 0.380859 0.115234 0.128906 0.064453
11 0.363770 0.593750 0.153320 0.076172
10 0.130859 0.213867 0.044922 0.044922
0 0.294434 0.892090 0.157227 0.059570
3 0.912109 0.458008 0.046875 0.046875
7 0.381348 0.722168 0.041992 0.041992
12 0.404785 0.226562 0.040039 0.078125
0 0.178711 0.800781 0.181641 0.080078
12 0.336426 0.808594 0.047852 0.052734
12 0.604492 0.286133 0.041016 0.048828
12 0.798340 0.109375 0.063477 0.054688
12 0.884277 0.847656 0.067383 0.072266
11 0.799316 0.713379 0.135742 0.069336
11 0.113770 0.361328 0.096680 0.050781
12 0.100586 0.517090 0.064453 0.053711