0 0.815430 0.847168 0.189453 0.069336
12 0.907715 0.351074 0.061523 0.053711
9 0.097656 0.811523 0.054688 0.054688
9 0.566406 0.409180 0.052734 0.052734
12 0.623535 0.155273 0.040039 0.056641
12 0.316406 0.236816 0.044922 0.067383
0 0.792969 0.679688 0.195312 0.066406
8 0.243652 0.647949 0.061523 0.061523
10 0.693359 0.577148 0.056641 0.056641
6 0.105469 0.893555 0.035156 0.035156
11 0.416016 0.253906 0.093750 0.072266
0 0.251465 0.527344 0.194336 0.087891
0 0.511719 0.866699 0.191406 0.083008
11 0.545410 0.761719 0.112305 0.054688
12 0.501953 0.096680 0.060547 0.072266
11 0.204590 0.406738 0.139648 0.049805