10 0.570801 0.206543 0.047852 0.047852
10 0.401855 0.701660 0.057617 0.057617
8 0.782227 0.572266 0.039062 0.039062
10 0.333496 0.136230 0.045898 0.045898
1 0.472168 0.872559 0.157227 0.053711
0 0.893066 0.388184 0.116211 0.067383
3 0.145996 0.442871 0.047852 0.047852
8 0.564941 0.311035 0.057617 0.057617
2 0.227051 0.316895 0.038086 0.038086
7 0.702637 0.702637 0.034180 0.034180
0 0.141602 0.156250 0.134766 0.068359
8 0.733398 0.849609 0.058594 0.058594
1 0.194824 0.822754 0.188477 0.073242
2 0.328613 0.231934 0.038086 0.038086