11 0.645020 0.208984 0.143555 0.050781
11 0.501953 0.707031 0.109375 0.072266
12 0.382324 0.645020 0.051758 0.069336
0 0.382812 0.452148 0.164062 0.074219
12 0.701660 0.493164 0.040039 0.076172
3 0.790527 0.892090 0.051758 0.051758
5 0.862793 0.278809 0.038086 0.038086
10 0.563477 0.618164 0.054688 0.054688
4 0.763184 0.480957 0.041992 0.041992
8 0.240234 0.698242 0.060547 0.060547
0 0.868164 0.618652 0.130859 0.088867
7 0.266602 0.585938 0.041016 0.041016
9 0.543457 0.533691 0.045898 0.045898
11 0.515625 0.110840 0.140625 0.067383
0 0.301758 0.256348 0.167969 0.071289
6 0.528809 0.300293 0.043945 0.043945