11 0.334473 0.237793 0.135742 0.077148
12 0.708984 0.770508 0.052734 0.068359
10 0.743652 0.168457 0.053711 0.053711
3 0.623047 0.654297 0.048828 0.048828
0 0.575684 0.150879 0.141602 0.079102
12 0.411133 0.133789 0.052734 0.060547
12 0.225586 0.154297 0.042969 0.066406
11 0.733887 0.341797 0.139648 0.052734
0 0.830566 0.653320 0.186523 0.097656
11 0.881836 0.468750 0.095703 0.076172
2 0.769043 0.882324 0.053711 0.053711
0 0.315918 0.399902 0.141602 0.075195
5 0.525391 0.346680 0.048828 0.048828
0 0.665039 0.253906 0.128906 0.080078
2 0.091797 0.814453 0.048828 0.048828
11 0.177734 0.602051 0.117188 0.077148
0 0.423340 0.754395 0.147461 0.063477