8 0.688477 0.195312 0.044922 0.044922
6 0.570312 0.084961 0.050781 0.050781
11 0.881348 0.358398 0.125977 0.074219
8 0.610840 0.675293 0.061523 0.061523
8 0.432129 0.100098 0.053711 0.053711
0 0.806641 0.445312 0.193359 0.060547
5 0.538086 0.912109 0.048828 0.048828
9 0.155762 0.731934 0.055664 0.055664
11 0.751953 0.883301 0.140625 0.063477
6 0.844727 0.525391 0.046875 0.046875
9 0.811523 0.685547 0.060547 0.060547
4 0.915527 0.668457 0.034180 0.034180
9 0.177246 0.261230 0.061523 0.061523
11 0.576172 0.569336 0.111328 0.074219