0 0.138184 0.502930 0.161133 0.093750
11 0.490234 0.583008 0.121094 0.064453
12 0.273438 0.536133 0.066406 0.064453
4 0.840332 0.594238 0.036133 0.036133
12 0.893555 0.099609 0.044922 0.060547
12 0.110840 0.221191 0.061523 0.069336
9 0.264160 0.910645 0.063477 0.063477
9 0.810059 0.681152 0.047852 0.047852
12 0.817383 0.211426 0.041016 0.049805
9 0.365234 0.432617 0.056641 0.056641
10 0.311035 0.685059 0.049805 0.049805
0 0.341309 0.799805 0.186523 0.083984
12 0.251465 0.365723 0.057617 0.057617
12 0.616211 0.133301 0.041016 0.051758
11 0.599121 0.749512 0.137695 0.075195
12 0.534180 0.401367 0.039062 0.070312
3 0.691406 0.355469 0.050781 0.050781