12 0.415527 0.543457 0.067383 0.049805
11 0.354492 0.854004 0.099609 0.067383
0 0.516602 0.792480 0.158203 0.077148
11 0.728027 0.845215 0.110352 0.063477
11 0.327637 0.101074 0.125977 0.055664
12 0.570312 0.507324 0.041016 0.051758
12 0.504395 0.151855 0.059570 0.061523
2 0.618164 0.442383 0.035156 0.035156
2 0.464355 0.656738 0.036133 0.036133
3 0.773438 0.916992 0.046875 0.046875
0 0.453613 0.440430 0.143555 0.087891
12 0.144043 0.237793 0.059570 0.069336
3 0.919922 0.234375 0.041016 0.041016