12 0.629395 0.777344 0.040039 0.076172
3 0.796875 0.718750 0.035156 0.035156
3 0.380371 0.074707 0.038086 0.038086
2 0.331055 0.713867 0.052734 0.052734
11 0.380371 0.864258 0.145508 0.058594
9 0.395508 0.172852 0.056641 0.056641
8 0.838379 0.478027 0.047852 0.047852
0 0.163086 0.124023 0.136719 0.083984
3 0.748047 0.378906 0.050781 0.050781
0 0.396484 0.466797 0.136719 0.066406
12 0.458984 0.311523 0.050781 0.062500
5 0.591309 0.232910 0.047852 0.047852
11 0.698242 0.262695 0.128906 0.064453
7 0.728027 0.465332 0.045898 0.045898
4 0.555176 0.881348 0.051758 0.051758