12 0.752441 0.847168 0.045898 0.053711
0 0.483887 0.745605 0.137695 0.084961
12 0.342773 0.667480 0.044922 0.069336
3 0.477051 0.862793 0.043945 0.043945
10 0.619141 0.921875 0.058594 0.058594
7 0.779297 0.712891 0.041016 0.041016
6 0.887695 0.366211 0.035156 0.035156
12 0.243164 0.711426 0.050781 0.071289
8 0.625977 0.845703 0.054688 0.054688
6 0.601074 0.703613 0.038086 0.038086
8 0.492188 0.180664 0.046875 0.046875
11 0.212891 0.228516 0.117188 0.066406
0 0.769531 0.534180 0.132812 0.076172
11 0.491211 0.574219 0.113281 0.074219
10 0.596191 0.450684 0.055664 0.055664
0 0.395996 0.278809 0.120117 0.063477
12 0.909668 0.088379 0.041992 0.053711
5 0.387695 0.534180 0.048828 0.048828