12 0.564941 0.559082 0.043945 0.073242
4 0.807129 0.119629 0.053711 0.053711
11 0.748535 0.582031 0.116211 0.078125
7 0.171387 0.169434 0.036133 0.036133
11 0.701660 0.707031 0.110352 0.056641
12 0.642090 0.177734 0.051758 0.056641
0 0.326172 0.360352 0.119141 0.076172
3 0.101074 0.548340 0.040039 0.040039
8 0.150391 0.469727 0.044922 0.044922
0 0.427734 0.698730 0.156250 0.073242
11 0.538574 0.855957 0.120117 0.071289
12 0.660645 0.271973 0.041992 0.051758
0 0.395996 0.099609 0.172852 0.072266
8 0.189941 0.838379 0.057617 0.057617
0 0.860352 0.445312 0.152344 0.076172