12 0.625000 0.228027 0.041016 0.051758
3 0.147461 0.846680 0.046875 0.046875
12 0.358887 0.751465 0.043945 0.059570
11 0.684570 0.461914 0.087891 0.076172
0 0.184570 0.614258 0.179688 0.083984
3 0.338379 0.891113 0.045898 0.045898
0 0.199219 0.390137 0.160156 0.090820
10 0.700684 0.675293 0.059570 0.059570
12 0.871094 0.104492 0.041016 0.048828
12 0.560059 0.742676 0.049805 0.059570
12 0.664551 0.799316 0.065430 0.069336
0 0.478027 0.094727 0.163086 0.083984
8 0.088379 0.736816 0.059570 0.059570