11 0.195801 0.508789 0.110352 0.058594
11 0.717773 0.824707 0.091797 0.069336
5 0.072266 0.242188 0.046875 0.046875
0 0.827148 0.535645 0.191406 0.059570
10 0.681152 0.195801 0.055664 0.055664
8 0.343750 0.311523 0.044922 0.044922
8 0.085449 0.342285 0.059570 0.059570
0 0.372559 0.442383 0.159180 0.091797
2 0.682617 0.391602 0.037109 0.037109
12 0.143066 0.814941 0.065430 0.051758
5 0.433594 0.796875 0.050781 0.050781
8 0.838867 0.345703 0.044922 0.044922
8 0.298340 0.152832 0.045898 0.045898
12 0.500977 0.896484 0.054688 0.074219
11 0.519043 0.158203 0.116211 0.050781
0 0.625000 0.687012 0.169922 0.092773
0 0.294922 0.647461 0.167969 0.097656