12 0.858887 0.145508 0.049805 0.052734
3 0.187988 0.825684 0.047852 0.047852
12 0.412109 0.740723 0.050781 0.063477
0 0.671387 0.905762 0.137695 0.071289
9 0.907715 0.447754 0.057617 0.057617
0 0.372559 0.906250 0.143555 0.064453
12 0.515137 0.835938 0.040039 0.048828
11 0.396973 0.557617 0.110352 0.078125
4 0.843750 0.761719 0.042969 0.042969
8 0.548828 0.426758 0.046875 0.046875
2 0.183105 0.562988 0.045898 0.045898
8 0.307617 0.083984 0.046875 0.046875
11 0.554688 0.553711 0.144531 0.064453
6 0.915527 0.854004 0.045898 0.045898