11 0.300781 0.282227 0.148438 0.070312
12 0.466797 0.172852 0.062500 0.064453
0 0.723145 0.165527 0.161133 0.067383
9 0.661621 0.860840 0.047852 0.047852
2 0.231445 0.834961 0.048828 0.048828
0 0.321777 0.634766 0.122070 0.095703
2 0.186035 0.172363 0.045898 0.045898
0 0.745117 0.638672 0.160156 0.072266
9 0.689941 0.369629 0.059570 0.059570
9 0.542480 0.758301 0.057617 0.057617
8 0.912598 0.239746 0.061523 0.061523
12 0.351562 0.758789 0.064453 0.070312
0 0.232422 0.394531 0.171875 0.089844
2 0.104980 0.475098 0.045898 0.045898
11 0.559082 0.575684 0.151367 0.051758
0 0.423828 0.857422 0.162109 0.083984
11 0.132812 0.596680 0.156250 0.066406