11 0.133789 0.845703 0.146484 0.056641
12 0.919434 0.385254 0.041992 0.065430
12 0.575195 0.513184 0.044922 0.069336
0 0.165039 0.365234 0.148438 0.070312
8 0.776855 0.146973 0.047852 0.047852
0 0.750000 0.835938 0.181641 0.068359
12 0.895020 0.898926 0.057617 0.049805
0 0.181152 0.489258 0.176758 0.060547
0 0.813477 0.574219 0.156250 0.091797
4 0.762207 0.466309 0.047852 0.047852
5 0.500488 0.332520 0.038086 0.038086
2 0.480469 0.601562 0.052734 0.052734
8 0.868652 0.120605 0.055664 0.055664
12 0.525391 0.195801 0.046875 0.073242
12 0.215332 0.235840 0.049805 0.073242