0 0.780273 0.678711 0.193359 0.062500
12 0.168457 0.481445 0.055664 0.050781
11 0.611816 0.483887 0.141602 0.075195
11 0.782715 0.570801 0.108398 0.069336
11 0.361328 0.674805 0.111328 0.078125
12 0.669434 0.818359 0.045898 0.078125
12 0.690918 0.257812 0.057617 0.064453
3 0.642090 0.730957 0.040039 0.040039
9 0.207520 0.145996 0.053711 0.053711
11 0.853516 0.421875 0.125000 0.060547
0 0.538086 0.245117 0.140625 0.083984
12 0.767090 0.115723 0.053711 0.049805
11 0.299805 0.465332 0.132812 0.059570
8 0.212891 0.739258 0.052734 0.052734
0 0.397949 0.366699 0.192383 0.084961
7 0.279785 0.089355 0.036133 0.036133
12 0.613770 0.635742 0.047852 0.052734