4 0.464355 0.311035 0.053711 0.053711
11 0.559570 0.749023 0.148438 0.072266
3 0.673828 0.374023 0.037109 0.037109
4 0.751953 0.804688 0.037109 0.037109
2 0.808105 0.603027 0.036133 0.036133
11 0.799316 0.212402 0.110352 0.063477
6 0.303711 0.166992 0.052734 0.052734
12 0.647949 0.631348 0.053711 0.077148
12 0.251465 0.751465 0.051758 0.071289
11 0.129883 0.275391 0.128906 0.076172
11 0.128906 0.801270 0.107422 0.063477
0 0.518066 0.562500 0.139648 0.072266
7 0.397949 0.221191 0.047852 0.047852
2 0.262207 0.548340 0.038086 0.038086
3 0.907227 0.821289 0.046875 0.046875
0 0.833008 0.438965 0.121094 0.094727