0 0.583984 0.161133 0.193359 0.068359
5 0.221191 0.859863 0.034180 0.034180
11 0.814453 0.293457 0.089844 0.057617
11 0.281738 0.429688 0.106445 0.060547
7 0.865723 0.398926 0.047852 0.047852
0 0.528320 0.350586 0.121094 0.095703
0 0.845703 0.901367 0.187500 0.087891
0 0.746582 0.426758 0.131836 0.085938
7 0.388672 0.135742 0.046875 0.046875
7 0.700684 0.350098 0.036133 0.036133
11 0.492676 0.688965 0.125977 0.055664
11 0.821289 0.757324 0.113281 0.067383
12 0.083008 0.684570 0.052734 0.074219
0 0.397949 0.852051 0.135742 0.086914