0 0.349121 0.426270 0.143555 0.053711
1 0.468262 0.345703 0.116211 0.050781
9 0.143555 0.398438 0.052734 0.052734
1 0.831055 0.691406 0.103516 0.050781
1 0.491699 0.108398 0.168945 0.072266
2 0.087402 0.615723 0.036133 0.036133
1 0.281738 0.747070 0.170898 0.074219
8 0.630859 0.510742 0.041016 0.041016
1 0.616699 0.734375 0.145508 0.074219
8 0.395996 0.907715 0.055664 0.055664
6 0.879395 0.383301 0.034180 0.034180
1 0.831543 0.469727 0.135742 0.060547
10 0.812500 0.211914 0.052734 0.052734
1 0.258789 0.306641 0.156250 0.078125