2 0.745117 0.787109 0.029297 0.029297
3 0.337402 0.322754 0.041992 0.041992
1 0.166504 0.794434 0.182617 0.077148
8 0.720215 0.619629 0.040039 0.040039
0 0.351562 0.103027 0.144531 0.049805
1 0.225586 0.468262 0.150391 0.051758
1 0.297363 0.576660 0.163086 0.055664
6 0.639648 0.345703 0.042969 0.042969
1 0.476562 0.298828 0.132812 0.070312
9 0.200195 0.099609 0.046875 0.046875
0 0.839844 0.242676 0.140625 0.067383
9 0.571777 0.203613 0.051758 0.051758
0 0.557129 0.671875 0.168945 0.052734
8 0.717285 0.513184 0.043945 0.043945