11 0.305176 0.500488 0.153320 0.071289
11 0.608887 0.527344 0.098633 0.058594
7 0.664062 0.675781 0.050781 0.050781
12 0.302246 0.374512 0.041992 0.073242
0 0.771973 0.336426 0.120117 0.075195
0 0.270996 0.699219 0.124023 0.066406
0 0.669434 0.215820 0.161133 0.068359
12 0.677734 0.125488 0.064453 0.067383
11 0.584473 0.791504 0.155273 0.067383
0 0.174805 0.277832 0.130859 0.065430
12 0.165039 0.498535 0.068359 0.051758
11 0.804199 0.679199 0.118164 0.071289
0 0.327148 0.178711 0.191406 0.080078
0 0.793457 0.855469 0.122070 0.095703
4 0.751465 0.138184 0.036133 0.036133
11 0.762695 0.514648 0.128906 0.048828
0 0.661621 0.425293 0.192383 0.063477
11 0.829590 0.441895 0.096680 0.057617