6 0.845215 0.491699 0.032227 0.032227
0 0.381348 0.127441 0.135742 0.049805
1 0.242188 0.234375 0.181641 0.054688
10 0.500977 0.358398 0.048828 0.048828
9 0.856934 0.625488 0.049805 0.049805
1 0.393555 0.556641 0.123047 0.078125
1 0.705566 0.735840 0.110352 0.053711
0 0.389160 0.690430 0.127930 0.066406
6 0.472656 0.827148 0.039062 0.039062
0 0.686035 0.289551 0.120117 0.051758
1 0.624512 0.632812 0.145508 0.078125
0 0.211914 0.569336 0.101562 0.048828
0 0.752930 0.191406 0.107422 0.085938
6 0.132812 0.377930 0.042969 0.042969
6 0.099121 0.883301 0.036133 0.036133