0 0.261230 0.423828 0.155273 0.060547
12 0.596191 0.826660 0.061523 0.077148
11 0.424316 0.242676 0.127930 0.063477
11 0.402832 0.633789 0.092773 0.050781
0 0.500000 0.416992 0.152344 0.074219
2 0.121582 0.819824 0.047852 0.047852
10 0.704102 0.451172 0.052734 0.052734
5 0.460938 0.919922 0.052734 0.052734
12 0.610352 0.288574 0.062500 0.077148
7 0.152832 0.642090 0.047852 0.047852
8 0.820801 0.861816 0.053711 0.053711
11 0.798828 0.742188 0.148438 0.074219
0 0.444824 0.775391 0.184570 0.080078
5 0.901367 0.536133 0.044922 0.044922
11 0.447266 0.140625 0.117188 0.050781
11 0.253906 0.587402 0.101562 0.075195