8 0.552246 0.681152 0.053711 0.053711
2 0.846191 0.094238 0.049805 0.049805
11 0.846680 0.457031 0.138672 0.074219
12 0.409180 0.598633 0.046875 0.074219
0 0.253906 0.160156 0.125000 0.074219
7 0.688477 0.506836 0.050781 0.050781
12 0.138672 0.553711 0.042969 0.064453
12 0.123047 0.888672 0.058594 0.058594
12 0.597168 0.269531 0.067383 0.050781
8 0.463379 0.459473 0.043945 0.043945
0 0.475098 0.139648 0.125977 0.062500
11 0.810547 0.885254 0.134766 0.061523
11 0.687012 0.149902 0.151367 0.067383
0 0.731445 0.761230 0.132812 0.081055