2 0.477051 0.726074 0.040039 0.040039
0 0.809082 0.595215 0.190430 0.077148
5 0.548340 0.558105 0.043945 0.043945
0 0.560059 0.218262 0.186523 0.063477
8 0.201172 0.719727 0.060547 0.060547
0 0.213379 0.483887 0.168945 0.086914
10 0.684570 0.122070 0.048828 0.048828
5 0.909180 0.233398 0.044922 0.044922
6 0.783203 0.907227 0.046875 0.046875
8 0.574219 0.888672 0.046875 0.046875
8 0.417969 0.353516 0.052734 0.052734
10 0.797363 0.768066 0.063477 0.063477
12 0.278320 0.382812 0.062500 0.078125
12 0.090820 0.728027 0.064453 0.053711
12 0.519531 0.337402 0.056641 0.055664
3 0.191895 0.393066 0.047852 0.047852
7 0.338379 0.821777 0.036133 0.036133
5 0.349609 0.543945 0.035156 0.035156