11 0.864746 0.391113 0.127930 0.053711
10 0.670898 0.134766 0.060547 0.060547
10 0.187988 0.867676 0.061523 0.061523
12 0.731445 0.357910 0.048828 0.073242
12 0.450684 0.895996 0.063477 0.071289
6 0.604980 0.732910 0.049805 0.049805
3 0.554688 0.455078 0.037109 0.037109
12 0.864258 0.809570 0.060547 0.058594
12 0.343750 0.088867 0.041016 0.062500
6 0.472656 0.157227 0.048828 0.048828
10 0.347168 0.711426 0.045898 0.045898
9 0.411133 0.250000 0.060547 0.060547
8 0.154785 0.663574 0.063477 0.063477
0 0.747070 0.586914 0.167969 0.060547
8 0.611328 0.888672 0.044922 0.044922
12 0.456055 0.773926 0.060547 0.075195
10 0.175781 0.086914 0.058594 0.058594