1 0.742676 0.228027 0.186523 0.067383
0 0.470215 0.901367 0.153320 0.082031
9 0.710938 0.752930 0.050781 0.050781
0 0.685547 0.122070 0.128906 0.076172
1 0.350586 0.308594 0.183594 0.054688
3 0.856934 0.465332 0.045898 0.045898
1 0.359375 0.693359 0.117188 0.076172
1 0.344727 0.146484 0.195312 0.068359
0 0.259766 0.554199 0.099609 0.077148
6 0.195801 0.845215 0.040039 0.040039
8 0.178223 0.274902 0.049805 0.049805
5 0.122070 0.839844 0.033203 0.033203
10 0.532227 0.075195 0.046875 0.046875
3 0.189941 0.178223 0.041992 0.041992
1 0.543457 0.477051 0.135742 0.057617