1 0.426758 0.323730 0.138672 0.075195
8 0.355957 0.470215 0.043945 0.043945
9 0.858887 0.245605 0.047852 0.047852
0 0.730469 0.166016 0.173828 0.054688
0 0.176270 0.416992 0.133789 0.060547
6 0.202148 0.622070 0.044922 0.044922
0 0.770020 0.741211 0.153320 0.066406
1 0.166504 0.185547 0.098633 0.050781
0 0.155273 0.514648 0.152344 0.064453
1 0.567871 0.890137 0.153320 0.057617
1 0.160156 0.295898 0.158203 0.054688
5 0.403809 0.079590 0.038086 0.038086
0 0.308594 0.908203 0.167969 0.068359
9 0.782227 0.909180 0.039062 0.039062
1 0.688477 0.500977 0.134766 0.054688