0 0.615234 0.666504 0.152344 0.059570
0 0.444336 0.159180 0.125000 0.072266
0 0.546875 0.522461 0.154297 0.083984
6 0.090332 0.684082 0.043945 0.043945
7 0.211426 0.570801 0.043945 0.043945
11 0.869629 0.655762 0.120117 0.065430
12 0.479004 0.776855 0.057617 0.073242
9 0.704102 0.762695 0.062500 0.062500
0 0.823730 0.448730 0.125977 0.084961
10 0.216797 0.668945 0.054688 0.054688
12 0.130371 0.561523 0.041992 0.078125
12 0.695312 0.185059 0.042969 0.059570
11 0.341309 0.326660 0.149414 0.065430
12 0.318359 0.643066 0.060547 0.069336
12 0.109863 0.337402 0.045898 0.059570
10 0.653320 0.434570 0.052734 0.052734
11 0.167480 0.147461 0.143555 0.062500
11 0.591309 0.324707 0.114258 0.075195