0 0.642578 0.222168 0.166016 0.073242
9 0.296875 0.904297 0.042969 0.042969
2 0.260742 0.620117 0.033203 0.033203
9 0.924805 0.358398 0.041016 0.041016
8 0.157715 0.664551 0.040039 0.040039
2 0.195312 0.883789 0.037109 0.037109
10 0.805176 0.156738 0.049805 0.049805
1 0.488770 0.365723 0.125977 0.061523
1 0.185059 0.090332 0.166992 0.069336
1 0.852539 0.498535 0.103516 0.071289
1 0.512695 0.889648 0.173828 0.072266
0 0.881348 0.741211 0.135742 0.080078
1 0.739258 0.327148 0.132812 0.070312
1 0.487793 0.499023 0.114258 0.066406