10 0.788574 0.458496 0.057617 0.057617
12 0.337891 0.789062 0.048828 0.068359
11 0.126953 0.392090 0.089844 0.053711
12 0.526855 0.714844 0.049805 0.072266
10 0.647461 0.192383 0.060547 0.060547
11 0.389648 0.674805 0.111328 0.064453
12 0.616211 0.357422 0.039062 0.062500
0 0.337891 0.423340 0.117188 0.071289
9 0.853516 0.349609 0.048828 0.048828
9 0.170410 0.097168 0.063477 0.063477
8 0.644043 0.822754 0.063477 0.063477
5 0.618652 0.553223 0.049805 0.049805
0 0.777344 0.740723 0.138672 0.071289