9 0.357422 0.838867 0.048828 0.048828
10 0.687012 0.837402 0.051758 0.051758
6 0.409180 0.617188 0.050781 0.050781
0 0.561035 0.583008 0.133789 0.074219
11 0.297852 0.347168 0.101562 0.059570
10 0.161133 0.660156 0.050781 0.050781
2 0.189941 0.776855 0.034180 0.034180
0 0.166992 0.250000 0.181641 0.070312
0 0.793945 0.234375 0.125000 0.066406
11 0.533691 0.202148 0.125977 0.062500
11 0.866699 0.854980 0.116211 0.051758
0 0.614258 0.699219 0.150391 0.093750
6 0.728027 0.620605 0.041992 0.041992
12 0.711426 0.152344 0.059570 0.048828
0 0.483398 0.844727 0.160156 0.072266
4 0.824707 0.115723 0.051758 0.051758
8 0.171387 0.547363 0.063477 0.063477
12 0.092285 0.160645 0.063477 0.067383