4 0.823730 0.101074 0.045898 0.045898
11 0.660156 0.766113 0.156250 0.077148
4 0.813965 0.741699 0.053711 0.053711
0 0.675781 0.505859 0.162109 0.074219
2 0.581055 0.627930 0.046875 0.046875
11 0.381836 0.214844 0.140625 0.064453
12 0.897949 0.722656 0.047852 0.052734
2 0.076660 0.370605 0.049805 0.049805
11 0.375977 0.714355 0.123047 0.057617
11 0.858887 0.300781 0.151367 0.058594
0 0.196777 0.872559 0.159180 0.086914
9 0.086426 0.770020 0.061523 0.061523
12 0.282227 0.607422 0.068359 0.048828
9 0.659180 0.134766 0.062500 0.062500
11 0.701660 0.854004 0.096680 0.061523