1 0.687012 0.627441 0.100586 0.055664
2 0.377441 0.792480 0.043945 0.043945
5 0.729492 0.148438 0.029297 0.029297
2 0.303711 0.178711 0.041016 0.041016
0 0.360840 0.088379 0.161133 0.075195
1 0.561035 0.315918 0.116211 0.051758
6 0.806152 0.446777 0.043945 0.043945
1 0.177734 0.349609 0.169922 0.056641
6 0.724121 0.313965 0.047852 0.047852
4 0.555664 0.548828 0.033203 0.033203
8 0.214844 0.094727 0.044922 0.044922
10 0.486328 0.227539 0.042969 0.042969
1 0.115723 0.685059 0.131836 0.073242
1 0.393555 0.899414 0.166016 0.066406
10 0.652344 0.765625 0.048828 0.048828