12 0.514160 0.142578 0.065430 0.076172
9 0.140625 0.525391 0.054688 0.054688
5 0.842773 0.184570 0.042969 0.042969
0 0.838867 0.910645 0.150391 0.061523
0 0.147949 0.147461 0.129883 0.058594
12 0.845215 0.275879 0.055664 0.063477
11 0.166504 0.417480 0.153320 0.073242
0 0.309082 0.709961 0.137695 0.095703
5 0.085938 0.898438 0.039062 0.039062
9 0.770020 0.426270 0.059570 0.059570
11 0.429199 0.366699 0.090820 0.057617
12 0.407227 0.864258 0.048828 0.058594
11 0.281250 0.612305 0.125000 0.056641
8 0.919434 0.458496 0.043945 0.043945