6 0.886719 0.539062 0.037109 0.037109
3 0.458496 0.635254 0.034180 0.034180
0 0.176270 0.171387 0.129883 0.063477
11 0.145508 0.783203 0.156250 0.066406
10 0.833496 0.425293 0.063477 0.063477
0 0.597656 0.349609 0.167969 0.074219
4 0.681152 0.515137 0.047852 0.047852
2 0.543945 0.609375 0.048828 0.048828
10 0.619629 0.660645 0.055664 0.055664
7 0.498535 0.226074 0.051758 0.051758
0 0.159668 0.459961 0.141602 0.080078
2 0.432617 0.340820 0.046875 0.046875
12 0.444336 0.557129 0.039062 0.061523
9 0.409668 0.128418 0.061523 0.061523
12 0.740723 0.611816 0.053711 0.069336