12 0.296387 0.430176 0.053711 0.077148
11 0.575195 0.607910 0.134766 0.077148
0 0.187988 0.752441 0.145508 0.059570
12 0.439941 0.900879 0.047852 0.059570
4 0.911133 0.802734 0.035156 0.035156
0 0.665527 0.319336 0.172852 0.074219
3 0.534180 0.833008 0.039062 0.039062
8 0.703125 0.580078 0.050781 0.050781
12 0.400391 0.675293 0.068359 0.075195
9 0.573242 0.463867 0.058594 0.058594
7 0.925781 0.435547 0.050781 0.050781
9 0.499512 0.337402 0.045898 0.045898
2 0.854980 0.093262 0.041992 0.041992
12 0.418457 0.433594 0.053711 0.058594