12 0.457520 0.265625 0.059570 0.056641
9 0.359863 0.307129 0.061523 0.061523
3 0.443848 0.880371 0.041992 0.041992
0 0.246582 0.817871 0.190430 0.081055
7 0.498047 0.498047 0.035156 0.035156
12 0.161133 0.210938 0.048828 0.074219
0 0.730957 0.760254 0.188477 0.081055
7 0.137207 0.671387 0.045898 0.045898
8 0.707520 0.185059 0.053711 0.053711
12 0.788086 0.340820 0.058594 0.062500
12 0.186523 0.458008 0.048828 0.068359
3 0.108398 0.844727 0.046875 0.046875
4 0.872070 0.458984 0.035156 0.035156
8 0.542969 0.748047 0.052734 0.052734
11 0.503418 0.368164 0.102539 0.068359
10 0.705566 0.436035 0.061523 0.061523