7 0.565430 0.097656 0.037109 0.037109
0 0.600586 0.871094 0.173828 0.078125
4 0.904785 0.730957 0.041992 0.041992
12 0.420898 0.152832 0.058594 0.049805
11 0.566406 0.511230 0.132812 0.063477
0 0.186523 0.863770 0.152344 0.079102
2 0.127441 0.632324 0.047852 0.047852
0 0.277832 0.092285 0.174805 0.073242
12 0.813965 0.683105 0.041992 0.065430
2 0.774414 0.884766 0.052734 0.052734
0 0.371094 0.335449 0.136719 0.090820
0 0.801758 0.353027 0.164062 0.081055
12 0.306152 0.548828 0.057617 0.048828
12 0.590332 0.164062 0.041992 0.062500
7 0.659668 0.600098 0.036133 0.036133
0 0.849609 0.244629 0.177734 0.075195
11 0.887207 0.113770 0.092773 0.075195
10 0.232422 0.346680 0.062500 0.062500