0 0.150391 0.158203 0.154297 0.072266
0 0.868164 0.867188 0.160156 0.074219
7 0.279297 0.922852 0.037109 0.037109
9 0.626465 0.846191 0.047852 0.047852
12 0.897949 0.350098 0.065430 0.073242
5 0.839844 0.275391 0.039062 0.039062
12 0.702637 0.396484 0.063477 0.060547
0 0.672363 0.612305 0.170898 0.093750
10 0.511719 0.843750 0.050781 0.050781
12 0.518066 0.730469 0.055664 0.066406
9 0.208984 0.538086 0.050781 0.050781
12 0.744629 0.785156 0.063477 0.050781
12 0.417969 0.159180 0.060547 0.070312
3 0.770020 0.159668 0.036133 0.036133
5 0.161133 0.841797 0.046875 0.046875
0 0.372070 0.280762 0.162109 0.075195
11 0.780762 0.500488 0.149414 0.049805