6 0.178223 0.642090 0.030273 0.030273
6 0.754883 0.266602 0.029297 0.029297
4 0.880371 0.422363 0.047852 0.047852
0 0.661133 0.787109 0.111328 0.078125
1 0.657715 0.491699 0.145508 0.075195
0 0.229980 0.334961 0.124023 0.078125
9 0.662109 0.086914 0.039062 0.039062
2 0.852539 0.693359 0.033203 0.033203
8 0.516602 0.799805 0.054688 0.054688
0 0.352051 0.895020 0.170898 0.057617
8 0.181641 0.515625 0.044922 0.044922
2 0.294922 0.478516 0.033203 0.033203
7 0.435547 0.146484 0.046875 0.046875
9 0.389160 0.646973 0.043945 0.043945
0 0.184570 0.234375 0.169922 0.074219