8 0.747559 0.818848 0.059570 0.059570
12 0.465820 0.208984 0.054688 0.070312
0 0.440430 0.589844 0.164062 0.060547
11 0.311523 0.095703 0.126953 0.050781
5 0.570801 0.158691 0.040039 0.040039
12 0.337891 0.881348 0.064453 0.065430
11 0.886719 0.088867 0.109375 0.048828
5 0.355469 0.501953 0.037109 0.037109
0 0.143555 0.735352 0.138672 0.072266
0 0.293457 0.218262 0.159180 0.079102
3 0.896484 0.203125 0.048828 0.048828
10 0.850586 0.574219 0.046875 0.046875
9 0.275391 0.410156 0.062500 0.062500
10 0.750488 0.649902 0.045898 0.045898
0 0.509766 0.728516 0.175781 0.097656
8 0.501953 0.824219 0.058594 0.058594