7 0.178711 0.335938 0.044922 0.044922
5 0.311523 0.271484 0.052734 0.052734
8 0.768555 0.837891 0.048828 0.048828
0 0.833984 0.436035 0.156250 0.061523
11 0.424805 0.542969 0.125000 0.058594
3 0.358398 0.089844 0.046875 0.046875
7 0.672852 0.205078 0.052734 0.052734
8 0.291992 0.779297 0.046875 0.046875
11 0.170898 0.661133 0.136719 0.076172
10 0.335938 0.865234 0.058594 0.058594
3 0.627441 0.121582 0.038086 0.038086
0 0.532715 0.277344 0.184570 0.087891
2 0.197754 0.084473 0.045898 0.045898
2 0.802246 0.212402 0.036133 0.036133
9 0.651855 0.877441 0.057617 0.057617
6 0.812988 0.359863 0.053711 0.053711