11 0.234863 0.839844 0.112305 0.052734
12 0.802734 0.573242 0.064453 0.054688
0 0.820312 0.894531 0.193359 0.089844
12 0.333008 0.361328 0.042969 0.072266
0 0.861816 0.784668 0.124023 0.069336
5 0.183105 0.396973 0.051758 0.051758
12 0.427734 0.488770 0.044922 0.051758
12 0.892578 0.191406 0.052734 0.064453
8 0.234863 0.544434 0.051758 0.051758
0 0.586914 0.599121 0.130859 0.071289
12 0.216797 0.245605 0.058594 0.077148
3 0.105469 0.407227 0.050781 0.050781
7 0.485352 0.526367 0.035156 0.035156
12 0.243652 0.652832 0.043945 0.057617
11 0.749023 0.285156 0.128906 0.062500
8 0.133301 0.657715 0.053711 0.053711