10 0.926270 0.243652 0.043945 0.043945
1 0.136230 0.645020 0.163086 0.055664
0 0.508789 0.524902 0.107422 0.081055
4 0.381348 0.352051 0.047852 0.047852
3 0.145020 0.463379 0.034180 0.034180
9 0.658203 0.254883 0.046875 0.046875
8 0.586914 0.100586 0.044922 0.044922
1 0.532715 0.836914 0.100586 0.066406
0 0.403809 0.084961 0.100586 0.058594
0 0.645996 0.628906 0.165039 0.054688
10 0.069824 0.306152 0.040039 0.040039
6 0.333496 0.474121 0.038086 0.038086
0 0.302734 0.744629 0.146484 0.069336
0 0.598633 0.361816 0.119141 0.057617
4 0.778320 0.736328 0.044922 0.044922