11 0.616699 0.166992 0.147461 0.072266
0 0.814453 0.899414 0.187500 0.080078
10 0.662109 0.869141 0.056641 0.056641
0 0.354492 0.712402 0.140625 0.094727
3 0.758789 0.775391 0.039062 0.039062
11 0.581543 0.559082 0.129883 0.053711
2 0.184570 0.541016 0.048828 0.048828
11 0.328125 0.905762 0.152344 0.071289
12 0.282227 0.481445 0.054688 0.072266
12 0.513672 0.081055 0.066406 0.050781
11 0.142090 0.107422 0.127930 0.054688
10 0.162598 0.471191 0.049805 0.049805
11 0.633301 0.436523 0.114258 0.066406