9 0.695312 0.154297 0.050781 0.050781
1 0.290039 0.386719 0.105469 0.066406
1 0.564941 0.260742 0.165039 0.054688
1 0.649902 0.339355 0.184570 0.059570
6 0.082031 0.797852 0.035156 0.035156
1 0.250977 0.501953 0.136719 0.072266
2 0.560547 0.657227 0.039062 0.039062
0 0.239746 0.147461 0.149414 0.064453
1 0.744629 0.675293 0.139648 0.065430
5 0.778320 0.416992 0.037109 0.037109
4 0.174316 0.255371 0.043945 0.043945
0 0.760742 0.838867 0.132812 0.068359
0 0.591309 0.457031 0.165039 0.087891
6 0.328125 0.829102 0.029297 0.029297