0 0.481445 0.839355 0.179688 0.073242
12 0.734863 0.639648 0.061523 0.052734
0 0.734863 0.890625 0.176758 0.076172
12 0.363281 0.580078 0.060547 0.072266
10 0.531250 0.345703 0.058594 0.058594
12 0.138184 0.322266 0.051758 0.076172
12 0.846680 0.420898 0.044922 0.048828
11 0.277832 0.467773 0.139648 0.054688
12 0.824707 0.131836 0.065430 0.062500
9 0.140137 0.770020 0.049805 0.049805
11 0.505371 0.471680 0.149414 0.078125
11 0.225586 0.840820 0.138672 0.050781
0 0.334961 0.229980 0.183594 0.092773
0 0.322754 0.343750 0.147461 0.087891