10 0.698730 0.086426 0.047852 0.047852
0 0.450684 0.344238 0.170898 0.059570
0 0.184570 0.149902 0.117188 0.067383
5 0.442871 0.682129 0.034180 0.034180
11 0.489746 0.458008 0.139648 0.078125
8 0.170898 0.437500 0.060547 0.060547
10 0.766602 0.124023 0.052734 0.052734
0 0.758789 0.282227 0.160156 0.082031
12 0.621094 0.180176 0.050781 0.071289
5 0.718750 0.604492 0.046875 0.046875
0 0.361328 0.895996 0.125000 0.096680
12 0.192871 0.668457 0.049805 0.061523
0 0.382812 0.766602 0.128906 0.082031
11 0.835938 0.393555 0.117188 0.076172
4 0.288574 0.260254 0.047852 0.047852
8 0.624512 0.734863 0.061523 0.061523