11 0.661133 0.561523 0.136719 0.058594
10 0.545410 0.492676 0.055664 0.055664
10 0.748535 0.164551 0.053711 0.053711
5 0.506348 0.294434 0.036133 0.036133
7 0.429199 0.590332 0.049805 0.049805
8 0.833496 0.345215 0.045898 0.045898
0 0.187012 0.311035 0.184570 0.083008
2 0.278320 0.425781 0.046875 0.046875
11 0.638672 0.236328 0.152344 0.058594
12 0.294922 0.872559 0.058594 0.063477
8 0.461426 0.498535 0.049805 0.049805
11 0.282715 0.661133 0.151367 0.076172
5 0.887695 0.895508 0.037109 0.037109
8 0.771484 0.813477 0.048828 0.048828
12 0.294922 0.131348 0.066406 0.051758
5 0.530273 0.926758 0.048828 0.048828