12 0.292969 0.493164 0.062500 0.054688
10 0.709961 0.836914 0.058594 0.058594
2 0.156250 0.567383 0.035156 0.035156
5 0.667969 0.073242 0.037109 0.037109
12 0.381348 0.872559 0.041992 0.051758
0 0.621094 0.644531 0.158203 0.060547
6 0.596680 0.165039 0.052734 0.052734
5 0.541504 0.824707 0.038086 0.038086
3 0.132812 0.369141 0.042969 0.042969
0 0.474121 0.416504 0.143555 0.073242
9 0.623535 0.472168 0.063477 0.063477
9 0.905762 0.879395 0.063477 0.063477
10 0.553711 0.257812 0.060547 0.060547
0 0.706543 0.743652 0.178711 0.086914
12 0.176758 0.238770 0.066406 0.073242
3 0.345703 0.577148 0.042969 0.042969
8 0.685059 0.313965 0.049805 0.049805