5 0.636719 0.377930 0.046875 0.046875
8 0.491699 0.139160 0.049805 0.049805
0 0.887695 0.415039 0.111328 0.076172
6 0.166504 0.892090 0.030273 0.030273
0 0.512695 0.864258 0.123047 0.082031
3 0.368652 0.685059 0.030273 0.030273
9 0.834961 0.770508 0.039062 0.039062
6 0.356445 0.504883 0.033203 0.033203
0 0.250488 0.086426 0.161133 0.051758
4 0.303223 0.903809 0.047852 0.047852
1 0.419434 0.314453 0.170898 0.078125
0 0.732422 0.679199 0.105469 0.079102
6 0.307129 0.773926 0.045898 0.045898
5 0.427246 0.706543 0.038086 0.038086
10 0.244141 0.211914 0.041016 0.041016