9 0.255859 0.499023 0.058594 0.058594
8 0.101562 0.597656 0.048828 0.048828
0 0.347168 0.402832 0.176758 0.071289
4 0.730469 0.457031 0.048828 0.048828
2 0.354004 0.171387 0.036133 0.036133
0 0.429688 0.639160 0.195312 0.075195
3 0.697266 0.622070 0.037109 0.037109
0 0.741211 0.262207 0.119141 0.075195
11 0.589355 0.781738 0.127930 0.063477
11 0.828613 0.113770 0.090820 0.057617
0 0.301758 0.904297 0.181641 0.093750
12 0.461426 0.218750 0.045898 0.050781
11 0.139648 0.442383 0.134766 0.064453
11 0.861328 0.653809 0.111328 0.055664
12 0.833008 0.724609 0.046875 0.052734