5 0.790527 0.234863 0.045898 0.045898
11 0.548828 0.357910 0.130859 0.077148
2 0.233398 0.882812 0.050781 0.050781
12 0.507324 0.901855 0.065430 0.075195
9 0.802734 0.493164 0.060547 0.060547
11 0.322754 0.160645 0.106445 0.067383
6 0.388184 0.092285 0.034180 0.034180
11 0.147461 0.079102 0.099609 0.054688
12 0.086426 0.307617 0.055664 0.048828
11 0.794922 0.641113 0.089844 0.055664
0 0.869141 0.357422 0.158203 0.078125
11 0.814941 0.745605 0.125977 0.071289
11 0.798828 0.129395 0.087891 0.075195
0 0.515625 0.541504 0.167969 0.079102