11 0.130859 0.576660 0.101562 0.067383
0 0.246582 0.793457 0.159180 0.073242
0 0.496094 0.686523 0.187500 0.080078
0 0.521973 0.585449 0.186523 0.075195
2 0.114746 0.373535 0.034180 0.034180
0 0.160645 0.269531 0.153320 0.085938
11 0.459961 0.859375 0.130859 0.048828
6 0.871582 0.145020 0.043945 0.043945
11 0.784668 0.416016 0.110352 0.062500
5 0.077637 0.863770 0.053711 0.053711
10 0.269043 0.899902 0.049805 0.049805
0 0.515625 0.113770 0.160156 0.063477
5 0.770996 0.828613 0.045898 0.045898
6 0.404297 0.357422 0.048828 0.048828
0 0.556641 0.318359 0.126953 0.080078
10 0.283203 0.403320 0.054688 0.054688
6 0.429688 0.196289 0.046875 0.046875