0 0.436523 0.878418 0.123047 0.077148
5 0.724121 0.683105 0.045898 0.045898
12 0.469238 0.710938 0.067383 0.060547
12 0.260742 0.212891 0.058594 0.060547
12 0.841797 0.844238 0.042969 0.067383
7 0.772949 0.854980 0.041992 0.041992
12 0.748535 0.311035 0.040039 0.065430
8 0.581055 0.587891 0.062500 0.062500
12 0.260742 0.739746 0.039062 0.071289
0 0.572266 0.293457 0.173828 0.065430
0 0.676758 0.139648 0.150391 0.085938
7 0.479980 0.077637 0.038086 0.038086
12 0.661621 0.808594 0.067383 0.078125
4 0.439453 0.398438 0.050781 0.050781
7 0.408203 0.294922 0.035156 0.035156