0 0.444336 0.486328 0.117188 0.076172
11 0.208984 0.216797 0.097656 0.058594
0 0.849121 0.463379 0.141602 0.079102
11 0.862793 0.699707 0.094727 0.077148
10 0.127930 0.771484 0.056641 0.056641
4 0.447754 0.201660 0.043945 0.043945
6 0.550781 0.841797 0.041016 0.041016
10 0.217285 0.678223 0.061523 0.061523
9 0.414062 0.263672 0.046875 0.046875
12 0.327148 0.791016 0.066406 0.048828
0 0.262695 0.457520 0.185547 0.088867
0 0.771973 0.270020 0.153320 0.075195
0 0.589844 0.656250 0.177734 0.062500
11 0.732910 0.865234 0.155273 0.058594