1 0.835938 0.426270 0.136719 0.049805
0 0.671387 0.103516 0.110352 0.060547
3 0.145508 0.285156 0.035156 0.035156
2 0.740234 0.519531 0.041016 0.041016
1 0.595215 0.399414 0.172852 0.066406
3 0.569824 0.160645 0.045898 0.045898
1 0.212891 0.114258 0.115234 0.052734
1 0.425781 0.247070 0.177734 0.074219
10 0.301758 0.906250 0.041016 0.041016
0 0.749023 0.858887 0.103516 0.073242
1 0.607910 0.579102 0.108398 0.076172
2 0.509766 0.082031 0.031250 0.031250
9 0.112305 0.216797 0.048828 0.048828
9 0.625977 0.710938 0.050781 0.050781
8 0.796875 0.072266 0.039062 0.039062