6 0.627441 0.579590 0.053711 0.053711
11 0.324219 0.418945 0.154297 0.078125
0 0.173828 0.303711 0.152344 0.091797
9 0.233887 0.720215 0.055664 0.055664
8 0.752441 0.682129 0.061523 0.061523
9 0.426270 0.733887 0.063477 0.063477
0 0.400879 0.219727 0.163086 0.060547
3 0.105469 0.665039 0.037109 0.037109
9 0.383789 0.537109 0.052734 0.052734
8 0.767090 0.912598 0.057617 0.057617
12 0.670898 0.854492 0.062500 0.066406
11 0.641113 0.182617 0.153320 0.048828
11 0.393066 0.904785 0.137695 0.051758
12 0.725586 0.312500 0.066406 0.072266
0 0.451172 0.103027 0.175781 0.096680
0 0.238770 0.556641 0.141602 0.091797