9 0.398926 0.883301 0.061523 0.061523
2 0.424316 0.477051 0.040039 0.040039
12 0.253418 0.754395 0.055664 0.049805
2 0.284668 0.354004 0.036133 0.036133
0 0.515625 0.761719 0.158203 0.085938
0 0.473633 0.579590 0.146484 0.083008
12 0.108398 0.256836 0.041016 0.072266
10 0.561035 0.326660 0.043945 0.043945
4 0.671875 0.869141 0.037109 0.037109
3 0.630859 0.298828 0.042969 0.042969
10 0.622559 0.202637 0.051758 0.051758
11 0.311523 0.282227 0.091797 0.056641
11 0.853027 0.499512 0.133789 0.073242
12 0.646973 0.135254 0.063477 0.049805
0 0.174805 0.674805 0.148438 0.072266
8 0.653809 0.594238 0.047852 0.047852