12 0.108887 0.589355 0.059570 0.077148
11 0.746094 0.571289 0.134766 0.052734
0 0.643066 0.770508 0.147461 0.083984
12 0.632812 0.484375 0.052734 0.074219
0 0.398926 0.408203 0.129883 0.068359
11 0.463867 0.578125 0.107422 0.050781
12 0.248535 0.913574 0.040039 0.061523
5 0.902832 0.344238 0.045898 0.045898
10 0.166992 0.125977 0.058594 0.058594
11 0.254395 0.749512 0.147461 0.049805
11 0.208984 0.483887 0.152344 0.077148
11 0.806641 0.912109 0.119141 0.078125
0 0.743164 0.668945 0.191406 0.074219
10 0.795898 0.497070 0.046875 0.046875
8 0.505371 0.176270 0.055664 0.055664