12 0.469238 0.525879 0.049805 0.055664
9 0.126953 0.429688 0.048828 0.048828
12 0.791504 0.268066 0.040039 0.059570
11 0.470703 0.206055 0.140625 0.068359
0 0.336914 0.827148 0.142578 0.078125
11 0.673340 0.603516 0.090820 0.052734
9 0.111816 0.133301 0.051758 0.051758
11 0.697266 0.176270 0.103516 0.077148
12 0.529297 0.712402 0.066406 0.065430
2 0.218262 0.199707 0.041992 0.041992
9 0.381836 0.624023 0.058594 0.058594
11 0.728516 0.821289 0.115234 0.048828
4 0.604980 0.490723 0.038086 0.038086