0 0.379883 0.740723 0.130859 0.067383
11 0.638672 0.169922 0.138672 0.060547
5 0.704590 0.822754 0.038086 0.038086
9 0.240723 0.186035 0.057617 0.057617
4 0.661133 0.683594 0.035156 0.035156
8 0.660156 0.597656 0.046875 0.046875
0 0.617188 0.272461 0.148438 0.074219
8 0.158203 0.458984 0.060547 0.060547
10 0.312500 0.557617 0.056641 0.056641
4 0.565918 0.531738 0.041992 0.041992
12 0.154297 0.749023 0.041016 0.070312
6 0.856445 0.813477 0.042969 0.042969
12 0.795898 0.413086 0.042969 0.066406
6 0.235840 0.298340 0.047852 0.047852