3 0.463379 0.779785 0.040039 0.040039
5 0.130371 0.602051 0.047852 0.047852
12 0.681641 0.328613 0.048828 0.077148
12 0.361328 0.271973 0.062500 0.077148
7 0.711914 0.072266 0.046875 0.046875
10 0.588867 0.666016 0.046875 0.046875
7 0.233887 0.454590 0.049805 0.049805
12 0.684082 0.574219 0.041992 0.058594
11 0.251465 0.225098 0.106445 0.049805
7 0.094238 0.411621 0.036133 0.036133
0 0.134766 0.312012 0.156250 0.083008
0 0.235352 0.112305 0.187500 0.083984
11 0.570312 0.760742 0.140625 0.058594
0 0.534180 0.274414 0.160156 0.062500
0 0.367676 0.576660 0.184570 0.065430
0 0.242188 0.885742 0.142578 0.097656
11 0.850586 0.904785 0.099609 0.077148
11 0.374023 0.698730 0.087891 0.053711