9 0.492188 0.367188 0.039062 0.039062
1 0.619629 0.165527 0.116211 0.055664
0 0.629883 0.708496 0.113281 0.063477
8 0.769043 0.568848 0.053711 0.053711
1 0.323730 0.787109 0.172852 0.066406
1 0.643066 0.262695 0.104492 0.064453
1 0.162109 0.541992 0.160156 0.054688
10 0.389648 0.559570 0.042969 0.042969
1 0.627441 0.858398 0.127930 0.074219
10 0.394531 0.257812 0.050781 0.050781
4 0.772949 0.408691 0.036133 0.036133
10 0.507812 0.500977 0.050781 0.050781
8 0.550293 0.096191 0.041992 0.041992
6 0.734375 0.070312 0.029297 0.029297
8 0.233887 0.259277 0.041992 0.041992