5 0.899902 0.793457 0.045898 0.045898
12 0.201172 0.328125 0.062500 0.048828
2 0.416504 0.222168 0.036133 0.036133
12 0.511230 0.462402 0.065430 0.065430
7 0.666016 0.586914 0.037109 0.037109
8 0.315430 0.446289 0.058594 0.058594
9 0.787598 0.442871 0.059570 0.059570
8 0.852539 0.565430 0.054688 0.054688
11 0.509766 0.312988 0.146484 0.059570
12 0.193359 0.235840 0.042969 0.053711
0 0.631836 0.221680 0.191406 0.074219
12 0.151855 0.783691 0.051758 0.069336
9 0.335449 0.112793 0.049805 0.049805
0 0.124023 0.673828 0.132812 0.091797
10 0.412109 0.087891 0.048828 0.048828
0 0.659180 0.116211 0.152344 0.058594