11 0.228516 0.617188 0.101562 0.064453
6 0.239258 0.268555 0.039062 0.039062
6 0.647461 0.291992 0.048828 0.048828
0 0.569336 0.155762 0.152344 0.061523
8 0.355957 0.537598 0.047852 0.047852
3 0.567383 0.425781 0.052734 0.052734
11 0.722656 0.167480 0.115234 0.051758
0 0.509277 0.831055 0.137695 0.064453
12 0.234863 0.863281 0.049805 0.078125
0 0.609375 0.522949 0.142578 0.075195
12 0.826660 0.599609 0.043945 0.054688
7 0.445801 0.296387 0.043945 0.043945
6 0.905762 0.313965 0.047852 0.047852
12 0.289062 0.709961 0.056641 0.056641
11 0.879395 0.429199 0.133789 0.071289