7 0.605957 0.748535 0.041992 0.041992
8 0.310547 0.193359 0.062500 0.062500
8 0.152344 0.255859 0.046875 0.046875
10 0.230957 0.803223 0.059570 0.059570
9 0.484863 0.137207 0.051758 0.051758
11 0.905762 0.865234 0.090820 0.076172
11 0.280762 0.103516 0.120117 0.068359
8 0.883301 0.334473 0.049805 0.049805
9 0.736816 0.860840 0.049805 0.049805
12 0.781250 0.327148 0.068359 0.078125
6 0.436035 0.916504 0.053711 0.053711
9 0.208984 0.445312 0.054688 0.054688
0 0.670410 0.231934 0.124023 0.079102
0 0.400391 0.766602 0.126953 0.085938