5 0.704102 0.616211 0.035156 0.035156
11 0.634277 0.759277 0.122070 0.065430
0 0.860352 0.889648 0.119141 0.097656
12 0.148438 0.728027 0.062500 0.059570
0 0.234375 0.302734 0.134766 0.097656
12 0.227539 0.645508 0.066406 0.074219
9 0.460449 0.504395 0.061523 0.061523
5 0.505859 0.198242 0.039062 0.039062
0 0.206055 0.889648 0.138672 0.058594
7 0.439941 0.675293 0.040039 0.040039
12 0.314453 0.534668 0.064453 0.057617
5 0.344238 0.843262 0.038086 0.038086
10 0.861816 0.183105 0.061523 0.061523
3 0.336914 0.083008 0.050781 0.050781
11 0.860840 0.280273 0.088867 0.054688
6 0.886719 0.798828 0.035156 0.035156
3 0.454590 0.893066 0.036133 0.036133
12 0.355957 0.162109 0.061523 0.060547