9 0.542969 0.250000 0.052734 0.052734
10 0.213867 0.377930 0.048828 0.048828
11 0.822266 0.500977 0.138672 0.052734
5 0.195312 0.682617 0.048828 0.048828
11 0.822266 0.246582 0.107422 0.067383
4 0.098633 0.081055 0.039062 0.039062
12 0.686523 0.727051 0.058594 0.063477
11 0.678711 0.611328 0.093750 0.066406
11 0.548828 0.369141 0.140625 0.060547
12 0.879395 0.590332 0.055664 0.075195
9 0.447754 0.235840 0.061523 0.061523
0 0.812988 0.818848 0.180664 0.063477
0 0.270996 0.901367 0.120117 0.097656