11 0.441895 0.677734 0.149414 0.060547
11 0.207031 0.319336 0.142578 0.074219
10 0.883789 0.844727 0.048828 0.048828
0 0.862305 0.408203 0.154297 0.082031
12 0.611816 0.102539 0.047852 0.054688
6 0.625488 0.381348 0.036133 0.036133
6 0.303711 0.608398 0.044922 0.044922
11 0.614258 0.254883 0.091797 0.062500
11 0.389648 0.475586 0.142578 0.076172
10 0.506836 0.278320 0.062500 0.062500
12 0.803223 0.189941 0.049805 0.063477
11 0.390625 0.319824 0.093750 0.063477
11 0.105469 0.551270 0.111328 0.065430
12 0.507324 0.470215 0.041992 0.075195
2 0.552734 0.832031 0.046875 0.046875
12 0.691406 0.412109 0.044922 0.048828
11 0.541016 0.917480 0.138672 0.053711
0 0.203125 0.097656 0.171875 0.093750