3 0.862305 0.673828 0.048828 0.048828
9 0.081055 0.383789 0.048828 0.048828
0 0.467285 0.655762 0.157227 0.079102
6 0.894531 0.891602 0.044922 0.044922
2 0.159668 0.651855 0.047852 0.047852
9 0.800781 0.573242 0.050781 0.050781
5 0.311035 0.483887 0.045898 0.045898
1 0.733398 0.791016 0.187500 0.076172
10 0.336426 0.794434 0.049805 0.049805
6 0.689453 0.478516 0.033203 0.033203
1 0.761719 0.397461 0.121094 0.062500
1 0.396484 0.337891 0.166016 0.062500
3 0.434082 0.437012 0.034180 0.034180
6 0.431641 0.826172 0.048828 0.048828