2 0.669922 0.492188 0.048828 0.048828
6 0.796875 0.346680 0.052734 0.052734
0 0.567383 0.409180 0.132812 0.085938
0 0.638672 0.857910 0.136719 0.086914
12 0.198730 0.710449 0.063477 0.077148
7 0.871582 0.849121 0.045898 0.045898
12 0.087891 0.315430 0.064453 0.050781
0 0.752930 0.096680 0.181641 0.060547
7 0.332520 0.520996 0.051758 0.051758
0 0.659668 0.212402 0.178711 0.063477
9 0.887207 0.729980 0.049805 0.049805
7 0.219727 0.205078 0.050781 0.050781
9 0.100586 0.136719 0.062500 0.062500
11 0.445801 0.804688 0.096680 0.072266
9 0.753906 0.613281 0.052734 0.052734
12 0.088379 0.571777 0.063477 0.063477
0 0.405273 0.178223 0.130859 0.094727
12 0.263184 0.875488 0.065430 0.057617