7 0.226074 0.912598 0.045898 0.045898
9 0.815918 0.832520 0.049805 0.049805
12 0.742188 0.616211 0.056641 0.062500
9 0.272461 0.492188 0.050781 0.050781
12 0.860352 0.710449 0.046875 0.059570
8 0.434570 0.126953 0.046875 0.046875
6 0.195801 0.446777 0.051758 0.051758
6 0.630859 0.570312 0.044922 0.044922
9 0.453125 0.836914 0.062500 0.062500
12 0.669434 0.416992 0.049805 0.068359
0 0.162109 0.687500 0.171875 0.087891
11 0.365723 0.573242 0.100586 0.070312
11 0.325684 0.780762 0.145508 0.057617
6 0.462891 0.670898 0.052734 0.052734
8 0.320801 0.655762 0.047852 0.047852
12 0.636719 0.784668 0.052734 0.077148
9 0.555664 0.376953 0.046875 0.046875