0 0.826660 0.166016 0.168945 0.050781
6 0.108887 0.421387 0.047852 0.047852
8 0.290039 0.326172 0.041016 0.041016
0 0.851562 0.620117 0.136719 0.068359
0 0.397461 0.800781 0.144531 0.068359
2 0.626953 0.623047 0.041016 0.041016
8 0.534668 0.535645 0.057617 0.057617
7 0.680664 0.435547 0.041016 0.041016
1 0.525879 0.428711 0.178711 0.064453
8 0.875977 0.804688 0.058594 0.058594
0 0.106445 0.902344 0.113281 0.083984
5 0.399902 0.344238 0.040039 0.040039
0 0.291016 0.248047 0.146484 0.072266
3 0.723145 0.763184 0.036133 0.036133
1 0.222656 0.556641 0.107422 0.062500