9 0.105957 0.422363 0.051758 0.051758
7 0.326660 0.444824 0.051758 0.051758
12 0.730957 0.393555 0.061523 0.072266
11 0.547852 0.857910 0.109375 0.063477
10 0.741699 0.781738 0.059570 0.059570
9 0.482422 0.526367 0.052734 0.052734
9 0.653809 0.205566 0.059570 0.059570
5 0.262695 0.531250 0.042969 0.042969
5 0.103027 0.902832 0.040039 0.040039
12 0.080566 0.104492 0.061523 0.072266
12 0.249023 0.897461 0.058594 0.052734
12 0.560059 0.673340 0.065430 0.065430
0 0.311523 0.195801 0.142578 0.059570
11 0.703613 0.563477 0.139648 0.060547