12 0.857422 0.839355 0.050781 0.061523
11 0.680664 0.457031 0.115234 0.070312
11 0.609863 0.842773 0.135742 0.054688
0 0.180176 0.768066 0.153320 0.065430
11 0.346680 0.807617 0.107422 0.050781
0 0.312500 0.354492 0.193359 0.082031
4 0.591797 0.583008 0.041016 0.041016
11 0.162109 0.911133 0.154297 0.064453
7 0.548828 0.392578 0.050781 0.050781
11 0.141602 0.321777 0.109375 0.053711
9 0.515625 0.093750 0.052734 0.052734
9 0.453613 0.526855 0.045898 0.045898
11 0.760254 0.643555 0.139648 0.064453
5 0.513672 0.739258 0.037109 0.037109
12 0.303711 0.498047 0.050781 0.072266