0 0.277832 0.417969 0.129883 0.068359
12 0.661133 0.111816 0.046875 0.065430
11 0.714844 0.397461 0.119141 0.050781
11 0.740723 0.208984 0.104492 0.072266
12 0.631836 0.495117 0.042969 0.056641
0 0.333496 0.883789 0.141602 0.062500
8 0.918945 0.201172 0.062500 0.062500
12 0.403320 0.240234 0.058594 0.048828
11 0.737793 0.865234 0.131836 0.066406
0 0.231445 0.605469 0.148438 0.082031
3 0.533203 0.257812 0.042969 0.042969
11 0.159668 0.163086 0.098633 0.074219
2 0.875000 0.612305 0.044922 0.044922
5 0.074707 0.467285 0.038086 0.038086
12 0.177734 0.845215 0.054688 0.053711
11 0.615234 0.600586 0.146484 0.072266