8 0.414062 0.917969 0.048828 0.048828
12 0.552734 0.083984 0.048828 0.056641
3 0.883301 0.388184 0.045898 0.045898
4 0.678711 0.330078 0.048828 0.048828
8 0.141602 0.895508 0.056641 0.056641
0 0.390137 0.263672 0.129883 0.058594
10 0.778809 0.894043 0.043945 0.043945
0 0.615723 0.583984 0.137695 0.095703
0 0.258301 0.549316 0.182617 0.094727
0 0.619629 0.820801 0.124023 0.094727
0 0.490234 0.471680 0.154297 0.072266
11 0.688965 0.436035 0.155273 0.051758
0 0.137207 0.191406 0.151367 0.085938
11 0.334961 0.743652 0.134766 0.075195
0 0.767578 0.671387 0.128906 0.088867
12 0.659180 0.678223 0.054688 0.059570
11 0.258301 0.416016 0.151367 0.068359