0 0.175781 0.479492 0.169922 0.074219
2 0.149414 0.866211 0.039062 0.039062
10 0.141602 0.782227 0.048828 0.048828
0 0.280762 0.193359 0.174805 0.080078
0 0.774414 0.844238 0.193359 0.063477
0 0.574219 0.524902 0.128906 0.096680
2 0.776367 0.120117 0.035156 0.035156
6 0.136230 0.212402 0.049805 0.049805
12 0.616699 0.298340 0.059570 0.053711
11 0.276855 0.736816 0.129883 0.059570
11 0.593262 0.375000 0.127930 0.050781
10 0.379395 0.589355 0.055664 0.055664
2 0.883789 0.750977 0.048828 0.048828
7 0.487793 0.138184 0.038086 0.038086
0 0.335449 0.320801 0.178711 0.065430