9 0.078125 0.712891 0.046875 0.046875
0 0.295898 0.755371 0.121094 0.069336
2 0.835938 0.259766 0.035156 0.035156
12 0.124512 0.325684 0.055664 0.053711
9 0.310547 0.098633 0.056641 0.056641
12 0.783691 0.646973 0.061523 0.065430
12 0.303223 0.222656 0.043945 0.070312
12 0.521973 0.280273 0.047852 0.070312
12 0.354980 0.614258 0.063477 0.078125
2 0.813477 0.113281 0.041016 0.041016
0 0.646484 0.267578 0.140625 0.072266
8 0.516113 0.460449 0.049805 0.049805
11 0.637207 0.902344 0.127930 0.074219
0 0.183105 0.235352 0.141602 0.085938