9 0.258789 0.510742 0.052734 0.052734
11 0.492676 0.503906 0.116211 0.054688
6 0.859863 0.731934 0.049805 0.049805
6 0.376953 0.859375 0.039062 0.039062
0 0.677246 0.242188 0.120117 0.095703
12 0.294434 0.783203 0.059570 0.048828
0 0.305664 0.417480 0.144531 0.094727
11 0.673828 0.083496 0.144531 0.063477
0 0.127930 0.518555 0.146484 0.062500
7 0.550781 0.912109 0.046875 0.046875
10 0.908691 0.426270 0.063477 0.063477
11 0.625977 0.434082 0.097656 0.061523
12 0.734863 0.432129 0.067383 0.057617
11 0.842285 0.181152 0.145508 0.073242
0 0.485352 0.657715 0.152344 0.088867