11 0.787109 0.232910 0.107422 0.067383
11 0.700684 0.673340 0.127930 0.055664
9 0.157715 0.629395 0.061523 0.061523
6 0.422363 0.545410 0.040039 0.040039
0 0.186523 0.230469 0.128906 0.089844
9 0.861328 0.643555 0.044922 0.044922
2 0.670898 0.129883 0.050781 0.050781
12 0.836914 0.419922 0.039062 0.060547
12 0.556641 0.234375 0.044922 0.066406
11 0.703125 0.787109 0.103516 0.056641
11 0.431152 0.780762 0.110352 0.071289
12 0.359863 0.498535 0.040039 0.067383
8 0.283691 0.840332 0.051758 0.051758
11 0.586426 0.923340 0.147461 0.053711