0 0.199219 0.722168 0.162109 0.081055
9 0.898438 0.546875 0.044922 0.044922
7 0.482422 0.086914 0.039062 0.039062
12 0.155762 0.085449 0.043945 0.051758
2 0.808105 0.735840 0.036133 0.036133
12 0.544434 0.862305 0.061523 0.058594
11 0.279297 0.518066 0.136719 0.061523
8 0.115723 0.421387 0.057617 0.057617
11 0.447754 0.406738 0.114258 0.061523
11 0.673340 0.098633 0.135742 0.078125
11 0.309570 0.224609 0.105469 0.062500
9 0.485840 0.492676 0.059570 0.059570
11 0.594727 0.333008 0.136719 0.074219
0 0.380859 0.730469 0.156250 0.091797
0 0.784180 0.278320 0.179688 0.089844
6 0.843750 0.488281 0.037109 0.037109
11 0.872559 0.380371 0.094727 0.061523
12 0.892578 0.777832 0.064453 0.053711