7 0.843750 0.081055 0.044922 0.044922
11 0.246582 0.174316 0.110352 0.059570
0 0.447754 0.686035 0.124023 0.067383
0 0.498535 0.555176 0.184570 0.071289
6 0.712402 0.505371 0.036133 0.036133
12 0.810059 0.383301 0.053711 0.069336
9 0.321289 0.489258 0.050781 0.050781
7 0.776855 0.134277 0.038086 0.038086
2 0.483398 0.275391 0.052734 0.052734
10 0.268066 0.662598 0.049805 0.049805
10 0.741699 0.647949 0.059570 0.059570
2 0.479004 0.177246 0.053711 0.053711
3 0.069824 0.869629 0.040039 0.040039
10 0.922363 0.336426 0.053711 0.053711
9 0.093750 0.760742 0.054688 0.054688
7 0.573242 0.086914 0.042969 0.042969
11 0.108398 0.562500 0.091797 0.052734
11 0.842285 0.775391 0.135742 0.058594