11 0.518555 0.854980 0.089844 0.063477
12 0.758301 0.308105 0.063477 0.055664
0 0.276855 0.343750 0.149414 0.058594
11 0.310059 0.824219 0.116211 0.058594
0 0.579590 0.272461 0.147461 0.083984
9 0.589355 0.709473 0.049805 0.049805
12 0.252441 0.144043 0.057617 0.067383
11 0.877930 0.888672 0.132812 0.064453
12 0.098145 0.488281 0.063477 0.074219
11 0.725586 0.483887 0.154297 0.053711
6 0.091309 0.910645 0.047852 0.047852
11 0.762207 0.812988 0.153320 0.051758
0 0.248047 0.736816 0.123047 0.077148
8 0.902344 0.473633 0.046875 0.046875