11 0.214844 0.482422 0.095703 0.062500
12 0.620117 0.751465 0.058594 0.071289
9 0.629395 0.921387 0.049805 0.049805
11 0.390137 0.464355 0.151367 0.059570
11 0.136719 0.308594 0.109375 0.052734
10 0.441895 0.626465 0.061523 0.061523
0 0.288574 0.623047 0.182617 0.076172
12 0.800781 0.785645 0.054688 0.069336
0 0.291016 0.192383 0.171875 0.093750
5 0.197266 0.741211 0.050781 0.050781
8 0.843750 0.362305 0.062500 0.062500
10 0.475098 0.160645 0.055664 0.055664
12 0.142090 0.575195 0.040039 0.074219
11 0.785156 0.189453 0.152344 0.054688
10 0.521484 0.880859 0.046875 0.046875
12 0.750977 0.116699 0.066406 0.057617
4 0.510254 0.440918 0.047852 0.047852
10 0.732910 0.266113 0.049805 0.049805