5 0.231934 0.857910 0.040039 0.040039
1 0.514160 0.825684 0.129883 0.051758
10 0.398438 0.717773 0.058594 0.058594
3 0.460449 0.373535 0.032227 0.032227
8 0.393066 0.584473 0.049805 0.049805
4 0.792480 0.469238 0.032227 0.032227
4 0.175781 0.786133 0.035156 0.035156
3 0.644043 0.848145 0.038086 0.038086
9 0.809082 0.695801 0.047852 0.047852
0 0.633789 0.489746 0.134766 0.067383
8 0.244141 0.198242 0.046875 0.046875
0 0.384766 0.201172 0.146484 0.054688
6 0.779297 0.833008 0.031250 0.031250
1 0.818848 0.544434 0.133789 0.057617
9 0.731445 0.756836 0.046875 0.046875