0 0.556152 0.648438 0.151367 0.095703
0 0.226074 0.719727 0.125977 0.093750
10 0.563965 0.109863 0.053711 0.053711
0 0.297363 0.119141 0.163086 0.078125
9 0.865723 0.121582 0.059570 0.059570
6 0.189453 0.890625 0.042969 0.042969
10 0.739258 0.114258 0.052734 0.052734
12 0.846191 0.882324 0.051758 0.073242
8 0.510254 0.742676 0.055664 0.055664
12 0.501953 0.426758 0.046875 0.064453
0 0.766113 0.438477 0.135742 0.080078
5 0.101074 0.929199 0.038086 0.038086
4 0.443848 0.558105 0.034180 0.034180
11 0.588867 0.299316 0.138672 0.073242
4 0.343750 0.868164 0.039062 0.039062
8 0.254883 0.558594 0.050781 0.050781
11 0.275391 0.323730 0.142578 0.077148