0 0.726562 0.627930 0.166016 0.078125
8 0.628418 0.241699 0.045898 0.045898
10 0.460938 0.535156 0.050781 0.050781
0 0.852539 0.456543 0.148438 0.053711
1 0.593750 0.884277 0.113281 0.077148
7 0.765137 0.529785 0.030273 0.030273
10 0.922363 0.900879 0.053711 0.053711
1 0.273438 0.185547 0.164062 0.054688
8 0.308594 0.915039 0.041016 0.041016
1 0.404785 0.816895 0.163086 0.057617
5 0.110352 0.857422 0.033203 0.033203
0 0.270508 0.509766 0.152344 0.083984
0 0.254395 0.295898 0.133789 0.085938
1 0.470703 0.735352 0.164062 0.056641
0 0.519043 0.434082 0.149414 0.067383