12 0.425293 0.586914 0.040039 0.070312
11 0.339844 0.266602 0.095703 0.062500
10 0.383789 0.449219 0.050781 0.050781
10 0.814941 0.684082 0.055664 0.055664
12 0.731934 0.393555 0.063477 0.070312
0 0.624512 0.150879 0.124023 0.088867
5 0.534180 0.768555 0.041016 0.041016
4 0.514160 0.224121 0.047852 0.047852
0 0.115723 0.211914 0.118164 0.087891
11 0.287109 0.823242 0.121094 0.048828
0 0.153809 0.097656 0.170898 0.093750
12 0.473145 0.500488 0.059570 0.069336
9 0.120117 0.536133 0.060547 0.060547