0 0.797852 0.202148 0.160156 0.058594
1 0.139160 0.140625 0.135742 0.070312
1 0.277832 0.483398 0.172852 0.078125
4 0.141113 0.260254 0.040039 0.040039
10 0.561035 0.811035 0.051758 0.051758
8 0.730469 0.724609 0.054688 0.054688
3 0.899414 0.766602 0.044922 0.044922
0 0.694336 0.628418 0.132812 0.083008
10 0.329590 0.697754 0.047852 0.047852
1 0.717773 0.090820 0.126953 0.066406
3 0.576172 0.474609 0.037109 0.037109
8 0.633301 0.402832 0.040039 0.040039
3 0.811035 0.871582 0.030273 0.030273
1 0.256836 0.366699 0.156250 0.065430
0 0.434570 0.270020 0.136719 0.075195