0 0.825684 0.583008 0.155273 0.095703
12 0.574219 0.082520 0.068359 0.055664
0 0.627441 0.807617 0.157227 0.080078
11 0.295410 0.847656 0.145508 0.052734
11 0.354980 0.154785 0.118164 0.067383
0 0.790039 0.187988 0.117188 0.092773
11 0.456543 0.525879 0.090820 0.063477
11 0.308594 0.479492 0.152344 0.078125
12 0.447266 0.659180 0.064453 0.066406
11 0.169434 0.710449 0.114258 0.049805
12 0.657227 0.507812 0.052734 0.066406
10 0.160645 0.245605 0.051758 0.051758
0 0.629883 0.712891 0.191406 0.072266
12 0.885742 0.466309 0.066406 0.067383
8 0.299316 0.389160 0.061523 0.061523