11 0.276855 0.331543 0.127930 0.055664
12 0.665039 0.521973 0.058594 0.077148
3 0.541992 0.817383 0.044922 0.044922
0 0.845215 0.688477 0.166992 0.072266
11 0.591309 0.916992 0.153320 0.052734
9 0.755859 0.608398 0.056641 0.056641
0 0.212402 0.843750 0.157227 0.087891
12 0.156250 0.610352 0.058594 0.068359
12 0.748047 0.458496 0.044922 0.075195
0 0.421875 0.512207 0.156250 0.061523
0 0.652832 0.247559 0.159180 0.079102
12 0.349609 0.625488 0.041016 0.065430
11 0.255371 0.739746 0.141602 0.051758
0 0.887207 0.470215 0.122070 0.096680
12 0.590332 0.102051 0.061523 0.075195
4 0.082031 0.496094 0.035156 0.035156