11 0.721191 0.271484 0.133789 0.074219
11 0.252930 0.442383 0.142578 0.056641
12 0.604004 0.189941 0.051758 0.063477
4 0.853516 0.239258 0.042969 0.042969
12 0.460938 0.735352 0.066406 0.072266
9 0.467285 0.425293 0.057617 0.057617
11 0.818359 0.885254 0.115234 0.069336
3 0.135254 0.237793 0.049805 0.049805
12 0.361328 0.860352 0.056641 0.066406
8 0.254883 0.348633 0.052734 0.052734
11 0.518555 0.641602 0.138672 0.062500
2 0.681152 0.848145 0.040039 0.040039
7 0.684570 0.908203 0.044922 0.044922
11 0.904785 0.665527 0.090820 0.063477
2 0.653809 0.462402 0.036133 0.036133
11 0.594727 0.754883 0.132812 0.064453
7 0.579590 0.356934 0.040039 0.040039