8 0.536621 0.197754 0.059570 0.059570
0 0.261719 0.629883 0.125000 0.070312
4 0.813477 0.561523 0.052734 0.052734
10 0.563477 0.115234 0.054688 0.054688
0 0.195312 0.138672 0.140625 0.087891
2 0.272461 0.711914 0.052734 0.052734
0 0.418457 0.344727 0.118164 0.093750
11 0.603516 0.304199 0.140625 0.069336
3 0.384277 0.817871 0.036133 0.036133
5 0.130859 0.320312 0.041016 0.041016
0 0.885254 0.212891 0.127930 0.085938
9 0.736816 0.468262 0.053711 0.053711
2 0.371582 0.700684 0.051758 0.051758
12 0.826660 0.819824 0.040039 0.067383