10 0.505371 0.455566 0.057617 0.057617
9 0.658203 0.508789 0.046875 0.046875
10 0.215332 0.763184 0.051758 0.051758
11 0.721191 0.175293 0.155273 0.057617
0 0.494141 0.172363 0.158203 0.092773
12 0.312500 0.812500 0.064453 0.056641
11 0.633789 0.382812 0.091797 0.076172
12 0.387695 0.804199 0.042969 0.061523
8 0.718750 0.663086 0.062500 0.062500
12 0.274414 0.239746 0.068359 0.055664
12 0.764648 0.909180 0.058594 0.068359
12 0.913574 0.557617 0.053711 0.078125
0 0.304199 0.361816 0.145508 0.061523
0 0.298828 0.451172 0.119141 0.074219
12 0.682129 0.785645 0.047852 0.063477
0 0.326172 0.605469 0.125000 0.089844