2 0.802246 0.598145 0.034180 0.034180
8 0.175293 0.163574 0.055664 0.055664
12 0.611328 0.878418 0.066406 0.059570
0 0.543945 0.590820 0.123047 0.089844
0 0.121582 0.579590 0.120117 0.083008
10 0.240723 0.856934 0.053711 0.053711
12 0.164062 0.435547 0.046875 0.066406
12 0.354492 0.584473 0.066406 0.053711
12 0.393066 0.271484 0.040039 0.060547
0 0.649414 0.476562 0.175781 0.066406
5 0.438477 0.542969 0.050781 0.050781
11 0.764648 0.752930 0.136719 0.068359
9 0.846680 0.295898 0.056641 0.056641
11 0.666504 0.085938 0.124023 0.070312
11 0.700195 0.345215 0.146484 0.051758