11 0.392578 0.099609 0.109375 0.068359
4 0.625000 0.677734 0.041016 0.041016
6 0.343262 0.676270 0.043945 0.043945
0 0.470703 0.807129 0.158203 0.069336
8 0.742676 0.836426 0.049805 0.049805
10 0.817383 0.765625 0.052734 0.052734
4 0.862793 0.538574 0.053711 0.053711
11 0.101562 0.570801 0.087891 0.065430
0 0.409180 0.547852 0.121094 0.093750
0 0.517578 0.298828 0.195312 0.060547
0 0.855469 0.254883 0.191406 0.062500
9 0.081055 0.320312 0.062500 0.062500
11 0.221680 0.698242 0.103516 0.054688
12 0.297363 0.531250 0.047852 0.060547
12 0.337402 0.745117 0.065430 0.048828
11 0.535645 0.527344 0.094727 0.054688
12 0.698730 0.514648 0.043945 0.078125