12 0.464355 0.349609 0.045898 0.072266
0 0.536621 0.883789 0.141602 0.078125
11 0.302734 0.273438 0.115234 0.048828
0 0.459961 0.089844 0.160156 0.082031
0 0.543945 0.613281 0.146484 0.072266
0 0.812988 0.517090 0.155273 0.073242
0 0.335938 0.796875 0.171875 0.060547
10 0.705566 0.788574 0.047852 0.047852
11 0.748535 0.108398 0.118164 0.062500
0 0.847656 0.742188 0.146484 0.072266
11 0.575684 0.453125 0.120117 0.054688
10 0.215820 0.489258 0.046875 0.046875
11 0.649414 0.274414 0.138672 0.048828
12 0.899902 0.402344 0.049805 0.050781
0 0.196777 0.694336 0.139648 0.072266