3 0.779297 0.460938 0.033203 0.033203
0 0.498047 0.208496 0.156250 0.061523
6 0.772949 0.905762 0.030273 0.030273
5 0.194336 0.857422 0.039062 0.039062
1 0.528809 0.353027 0.188477 0.055664
0 0.763672 0.539551 0.162109 0.069336
8 0.608887 0.809082 0.040039 0.040039
1 0.238770 0.476562 0.174805 0.078125
10 0.319824 0.164551 0.055664 0.055664
1 0.573242 0.492188 0.146484 0.076172
7 0.270996 0.813965 0.041992 0.041992
9 0.083984 0.600586 0.050781 0.050781
10 0.637695 0.595703 0.048828 0.048828
2 0.245605 0.615723 0.041992 0.041992