0 0.453125 0.239746 0.138672 0.065430
8 0.550293 0.835449 0.047852 0.047852
8 0.801758 0.730469 0.048828 0.048828
8 0.890137 0.840332 0.047852 0.047852
11 0.175781 0.104492 0.142578 0.072266
11 0.458984 0.658691 0.113281 0.049805
7 0.413574 0.542480 0.053711 0.053711
12 0.338867 0.361816 0.066406 0.061523
6 0.292480 0.653809 0.043945 0.043945
0 0.815918 0.444336 0.161133 0.089844
0 0.169434 0.504883 0.139648 0.083984
0 0.750488 0.338867 0.180664 0.076172
0 0.797852 0.619141 0.162109 0.083984
0 0.149414 0.343750 0.171875 0.060547
11 0.177734 0.218262 0.146484 0.051758
0 0.259277 0.776855 0.139648 0.071289