11 0.608887 0.399414 0.139648 0.076172
0 0.801758 0.292480 0.177734 0.086914
12 0.361816 0.430176 0.065430 0.075195
12 0.680176 0.514648 0.053711 0.072266
11 0.174316 0.469238 0.106445 0.063477
2 0.301758 0.278320 0.039062 0.039062
6 0.565430 0.556641 0.044922 0.044922
11 0.688477 0.782715 0.107422 0.061523
11 0.171875 0.158691 0.130859 0.069336
0 0.229004 0.655273 0.129883 0.072266
11 0.345703 0.800781 0.117188 0.074219
11 0.524902 0.143066 0.094727 0.051758
11 0.505859 0.286133 0.105469 0.052734
0 0.416504 0.551758 0.182617 0.058594