0 0.170898 0.846680 0.140625 0.078125
0 0.807129 0.513672 0.143555 0.066406
6 0.598633 0.791992 0.044922 0.044922
0 0.340332 0.499023 0.124023 0.066406
12 0.680664 0.727539 0.060547 0.052734
4 0.448242 0.294922 0.037109 0.037109
8 0.314941 0.770020 0.047852 0.047852
10 0.827148 0.640625 0.056641 0.056641
12 0.187500 0.513672 0.064453 0.054688
11 0.600586 0.334473 0.128906 0.075195
0 0.176758 0.325195 0.156250 0.062500
0 0.627441 0.902344 0.155273 0.072266
11 0.882324 0.774902 0.108398 0.071289
11 0.433594 0.826660 0.097656 0.059570
12 0.433594 0.595215 0.068359 0.057617