8 0.817871 0.504395 0.055664 0.055664
12 0.520020 0.211426 0.043945 0.067383
2 0.852051 0.820801 0.053711 0.053711
12 0.378418 0.824219 0.040039 0.058594
11 0.690918 0.160156 0.108398 0.066406
6 0.269531 0.093750 0.044922 0.044922
10 0.293945 0.418945 0.054688 0.054688
12 0.351562 0.567383 0.046875 0.070312
8 0.163574 0.730957 0.049805 0.049805
11 0.610840 0.375000 0.096680 0.066406
0 0.244629 0.869629 0.145508 0.069336
12 0.502930 0.543457 0.041016 0.053711
7 0.437012 0.330566 0.045898 0.045898
12 0.348633 0.186523 0.048828 0.068359