9 0.234375 0.809570 0.046875 0.046875
0 0.207031 0.607422 0.185547 0.091797
10 0.193359 0.268555 0.048828 0.048828
0 0.746582 0.113281 0.161133 0.076172
12 0.355957 0.546875 0.049805 0.050781
5 0.400879 0.270020 0.043945 0.043945
12 0.530762 0.914551 0.049805 0.067383
11 0.573242 0.722656 0.142578 0.058594
12 0.855957 0.528320 0.045898 0.070312
12 0.485840 0.227539 0.067383 0.054688
8 0.664551 0.235840 0.051758 0.051758
11 0.689941 0.619141 0.114258 0.058594
2 0.300293 0.197754 0.045898 0.045898
11 0.810059 0.758301 0.139648 0.053711
12 0.328613 0.372559 0.041992 0.077148
0 0.758789 0.366699 0.146484 0.063477
12 0.553223 0.636719 0.053711 0.068359
11 0.191895 0.137207 0.092773 0.071289