12 0.092285 0.255371 0.061523 0.073242
12 0.292969 0.513672 0.046875 0.064453
7 0.594727 0.272461 0.035156 0.035156
12 0.412598 0.549316 0.057617 0.059570
4 0.896973 0.490723 0.053711 0.053711
11 0.184570 0.373535 0.126953 0.051758
0 0.622070 0.381348 0.189453 0.088867
0 0.548828 0.608887 0.123047 0.090820
0 0.729980 0.092773 0.194336 0.087891
11 0.704102 0.672363 0.152344 0.063477
8 0.553223 0.141113 0.047852 0.047852
0 0.834961 0.210938 0.175781 0.093750
11 0.825684 0.891602 0.124023 0.054688
0 0.508789 0.867188 0.150391 0.066406
9 0.529297 0.721680 0.046875 0.046875