11 0.688477 0.369141 0.111328 0.052734
6 0.120117 0.897461 0.039062 0.039062
12 0.845215 0.321289 0.051758 0.056641
2 0.862793 0.624512 0.038086 0.038086
11 0.884766 0.149902 0.113281 0.077148
12 0.848145 0.844238 0.063477 0.063477
3 0.743652 0.531738 0.038086 0.038086
11 0.449219 0.083008 0.125000 0.062500
11 0.448730 0.807617 0.090820 0.068359
10 0.440918 0.461426 0.055664 0.055664
0 0.629883 0.784668 0.132812 0.065430
8 0.471191 0.250488 0.057617 0.057617
12 0.246094 0.750000 0.054688 0.056641
3 0.347656 0.870117 0.039062 0.039062
11 0.258301 0.222168 0.094727 0.067383
0 0.672852 0.164062 0.144531 0.072266
9 0.220703 0.438477 0.062500 0.062500