0 0.150879 0.197754 0.127930 0.071289
11 0.784668 0.306641 0.092773 0.070312
0 0.316406 0.287109 0.185547 0.072266
0 0.287109 0.820312 0.134766 0.097656
0 0.270020 0.538086 0.145508 0.097656
0 0.538086 0.290039 0.126953 0.072266
5 0.658203 0.269531 0.046875 0.046875
11 0.856445 0.502930 0.117188 0.054688
12 0.119141 0.585938 0.050781 0.062500
11 0.490723 0.623047 0.131836 0.052734
10 0.415527 0.831543 0.049805 0.049805
0 0.671387 0.182129 0.194336 0.084961
0 0.356934 0.422363 0.190430 0.067383
11 0.820801 0.608398 0.151367 0.056641
12 0.812012 0.125977 0.049805 0.058594
11 0.437988 0.721680 0.125977 0.056641
5 0.395508 0.920898 0.048828 0.048828