11 0.685547 0.647461 0.148438 0.048828
12 0.123047 0.688965 0.058594 0.057617
3 0.756836 0.765625 0.041016 0.041016
2 0.103027 0.876465 0.049805 0.049805
11 0.841797 0.530273 0.117188 0.066406
12 0.225586 0.282227 0.050781 0.068359
10 0.220215 0.166504 0.057617 0.057617
12 0.217773 0.561035 0.052734 0.059570
12 0.418945 0.900391 0.042969 0.074219
12 0.734863 0.844238 0.057617 0.077148
12 0.509277 0.543945 0.053711 0.052734
11 0.385742 0.379395 0.128906 0.061523
7 0.912109 0.873047 0.041016 0.041016
5 0.548828 0.362305 0.044922 0.044922
0 0.219727 0.879395 0.119141 0.084961
0 0.636719 0.522461 0.144531 0.074219
11 0.724609 0.213379 0.093750 0.055664
7 0.823730 0.787598 0.051758 0.051758