12 0.875488 0.510254 0.051758 0.063477
0 0.629395 0.125977 0.153320 0.064453
7 0.704102 0.683594 0.042969 0.042969
11 0.226074 0.355469 0.092773 0.074219
4 0.188477 0.524414 0.050781 0.050781
11 0.164062 0.849121 0.128906 0.049805
9 0.708008 0.504883 0.052734 0.052734
0 0.797852 0.214844 0.152344 0.064453
12 0.756836 0.383301 0.042969 0.069336
2 0.124023 0.197266 0.037109 0.037109
7 0.286133 0.438477 0.050781 0.050781
4 0.552246 0.639160 0.040039 0.040039
11 0.212402 0.121582 0.141602 0.049805
11 0.759277 0.909180 0.094727 0.076172
2 0.284668 0.892090 0.053711 0.053711
12 0.336426 0.677734 0.063477 0.072266