0 0.199707 0.565430 0.190430 0.062500
6 0.255371 0.890137 0.047852 0.047852
12 0.695312 0.229004 0.044922 0.063477
12 0.464844 0.250488 0.060547 0.049805
9 0.512695 0.855469 0.058594 0.058594
11 0.229492 0.194336 0.138672 0.062500
7 0.831055 0.417969 0.042969 0.042969
0 0.876465 0.781738 0.127930 0.094727
11 0.394531 0.727539 0.093750 0.072266
8 0.823730 0.250488 0.059570 0.059570
12 0.469238 0.545410 0.067383 0.051758
11 0.875977 0.528320 0.121094 0.048828
11 0.622070 0.537109 0.099609 0.076172
12 0.159668 0.481934 0.053711 0.055664
11 0.678711 0.375977 0.150391 0.062500