11 0.338379 0.123047 0.102539 0.054688
8 0.574707 0.421387 0.045898 0.045898
11 0.523926 0.189941 0.108398 0.051758
9 0.249512 0.472168 0.051758 0.051758
8 0.384766 0.650391 0.054688 0.054688
9 0.448730 0.526855 0.057617 0.057617
12 0.871582 0.187012 0.051758 0.059570
11 0.216309 0.597168 0.110352 0.077148
11 0.235352 0.375000 0.101562 0.050781
3 0.541504 0.802246 0.043945 0.043945
3 0.181641 0.503906 0.035156 0.035156
3 0.821289 0.502930 0.048828 0.048828
3 0.928711 0.919922 0.041016 0.041016
4 0.140137 0.104004 0.036133 0.036133
9 0.668457 0.342285 0.057617 0.057617
9 0.357422 0.336914 0.062500 0.062500