11 0.835449 0.136230 0.127930 0.053711
12 0.702148 0.808105 0.042969 0.055664
0 0.219238 0.400391 0.186523 0.070312
8 0.633301 0.548340 0.045898 0.045898
0 0.607910 0.673340 0.141602 0.069336
0 0.303223 0.658203 0.122070 0.076172
9 0.221191 0.776855 0.049805 0.049805
11 0.817383 0.355469 0.107422 0.060547
8 0.296387 0.326660 0.045898 0.045898
10 0.735840 0.474121 0.043945 0.043945
11 0.307129 0.179199 0.135742 0.061523
11 0.496094 0.845215 0.091797 0.065430
0 0.137207 0.618164 0.166992 0.091797
12 0.307617 0.834473 0.048828 0.053711
0 0.829590 0.791992 0.159180 0.083984