12 0.890137 0.557129 0.051758 0.059570
9 0.884277 0.209473 0.061523 0.061523
11 0.112305 0.409668 0.115234 0.075195
11 0.734863 0.738281 0.098633 0.074219
11 0.414551 0.288574 0.153320 0.049805
12 0.625977 0.500488 0.066406 0.061523
0 0.335449 0.666016 0.172852 0.058594
12 0.308594 0.358398 0.052734 0.056641
0 0.602539 0.866211 0.185547 0.087891
8 0.890625 0.796875 0.046875 0.046875
10 0.804199 0.582520 0.043945 0.043945
12 0.272949 0.552246 0.059570 0.067383
9 0.259766 0.769531 0.054688 0.054688
10 0.104492 0.753906 0.058594 0.058594
9 0.179688 0.892578 0.062500 0.062500