9 0.474121 0.410645 0.053711 0.053711
7 0.674805 0.378906 0.037109 0.037109
6 0.585449 0.815918 0.047852 0.047852
0 0.707031 0.135254 0.152344 0.071289
12 0.744141 0.573730 0.060547 0.073242
0 0.313477 0.559570 0.173828 0.066406
12 0.103516 0.345215 0.039062 0.065430
11 0.217285 0.466309 0.135742 0.049805
0 0.175781 0.897461 0.191406 0.062500
11 0.798340 0.234863 0.116211 0.059570
12 0.324219 0.806152 0.042969 0.053711
2 0.248535 0.069824 0.034180 0.034180
11 0.543945 0.535156 0.140625 0.068359
11 0.435547 0.866699 0.125000 0.057617
11 0.435547 0.653809 0.156250 0.051758