4 0.283203 0.247070 0.033203 0.033203
1 0.654785 0.595703 0.153320 0.072266
10 0.859375 0.884766 0.054688 0.054688
0 0.703125 0.321777 0.105469 0.061523
0 0.188477 0.905762 0.158203 0.084961
1 0.458496 0.722656 0.161133 0.048828
1 0.680176 0.701660 0.176758 0.065430
8 0.909180 0.622070 0.042969 0.042969
0 0.408691 0.265625 0.170898 0.085938
10 0.515137 0.414551 0.045898 0.045898
0 0.537109 0.856934 0.117188 0.053711
10 0.724609 0.457031 0.052734 0.052734
6 0.584473 0.428223 0.041992 0.041992
8 0.366211 0.421875 0.039062 0.039062