7 0.429688 0.629883 0.041016 0.041016
0 0.393066 0.245117 0.129883 0.072266
2 0.827148 0.239258 0.052734 0.052734
11 0.676758 0.310059 0.103516 0.063477
5 0.745117 0.147461 0.046875 0.046875
6 0.119629 0.380371 0.047852 0.047852
5 0.104492 0.530273 0.035156 0.035156
12 0.130371 0.771973 0.063477 0.055664
9 0.478027 0.126465 0.053711 0.053711
2 0.241211 0.384766 0.037109 0.037109
3 0.446289 0.526367 0.041016 0.041016
12 0.753906 0.647461 0.056641 0.072266
12 0.451172 0.802734 0.068359 0.064453
0 0.749023 0.780273 0.130859 0.097656
6 0.558105 0.601074 0.041992 0.041992
0 0.282227 0.569824 0.119141 0.077148
9 0.127930 0.160156 0.060547 0.060547