11 0.442383 0.877441 0.148438 0.057617
9 0.709961 0.155273 0.060547 0.060547
11 0.690430 0.642090 0.113281 0.067383
5 0.320312 0.624023 0.050781 0.050781
10 0.883789 0.336914 0.048828 0.048828
8 0.666016 0.526367 0.050781 0.050781
4 0.492188 0.735352 0.037109 0.037109
6 0.252930 0.335938 0.052734 0.052734
11 0.318359 0.180176 0.134766 0.069336
11 0.471191 0.456543 0.155273 0.077148
10 0.877441 0.462402 0.043945 0.043945
0 0.201660 0.839355 0.139648 0.083008
10 0.490723 0.586426 0.063477 0.063477
11 0.742676 0.437988 0.100586 0.073242
11 0.147461 0.121094 0.140625 0.068359
10 0.568848 0.899902 0.043945 0.043945
0 0.491699 0.192383 0.127930 0.085938