7 0.086914 0.874023 0.037109 0.037109
7 0.842773 0.898438 0.035156 0.035156
4 0.388184 0.576660 0.043945 0.043945
9 0.833008 0.746094 0.056641 0.056641
0 0.353516 0.805176 0.179688 0.079102
0 0.670410 0.167969 0.180664 0.058594
12 0.295898 0.461914 0.042969 0.064453
7 0.510742 0.626953 0.037109 0.037109
11 0.555664 0.753906 0.109375 0.074219
5 0.409180 0.097656 0.035156 0.035156
11 0.499023 0.182617 0.115234 0.056641
10 0.231934 0.211426 0.043945 0.043945
2 0.562012 0.916504 0.043945 0.043945
7 0.414062 0.682617 0.041016 0.041016
12 0.456543 0.505859 0.067383 0.056641
12 0.845215 0.382324 0.043945 0.057617
7 0.322754 0.321777 0.040039 0.040039