8 0.400391 0.845703 0.041016 0.041016
0 0.532227 0.802246 0.101562 0.086914
8 0.498535 0.516113 0.053711 0.053711
6 0.178223 0.729980 0.041992 0.041992
1 0.467773 0.319336 0.111328 0.050781
5 0.215820 0.512695 0.037109 0.037109
0 0.857910 0.748047 0.137695 0.060547
0 0.721191 0.601074 0.112305 0.071289
0 0.306641 0.185547 0.134766 0.068359
0 0.721680 0.840332 0.175781 0.065430
10 0.191406 0.910156 0.058594 0.058594
1 0.118652 0.091797 0.137695 0.068359
10 0.089844 0.429688 0.044922 0.044922
3 0.613281 0.668945 0.037109 0.037109
7 0.240234 0.585938 0.048828 0.048828