8 0.250000 0.725586 0.060547 0.060547
12 0.840332 0.146973 0.057617 0.055664
7 0.497559 0.836426 0.043945 0.043945
12 0.736816 0.664551 0.055664 0.065430
6 0.636719 0.288086 0.039062 0.039062
10 0.620605 0.810059 0.049805 0.049805
10 0.075684 0.234863 0.049805 0.049805
11 0.594238 0.148438 0.139648 0.078125
11 0.521973 0.388672 0.114258 0.054688
12 0.834473 0.683105 0.041992 0.053711
3 0.555664 0.921875 0.046875 0.046875
9 0.355957 0.154785 0.061523 0.061523
0 0.849609 0.468262 0.132812 0.092773
12 0.191406 0.405762 0.048828 0.063477
11 0.187500 0.525879 0.138672 0.067383
12 0.375488 0.712891 0.045898 0.064453
12 0.479004 0.536133 0.063477 0.064453