2 0.673828 0.556641 0.039062 0.039062
0 0.333496 0.488770 0.137695 0.077148
11 0.368164 0.150879 0.107422 0.065430
0 0.187012 0.866699 0.168945 0.077148
9 0.575195 0.508789 0.048828 0.048828
8 0.485840 0.667480 0.049805 0.049805
0 0.691406 0.628906 0.158203 0.060547
7 0.698242 0.462891 0.035156 0.035156
11 0.609375 0.848633 0.099609 0.070312
0 0.628906 0.262207 0.167969 0.083008
11 0.276855 0.584473 0.143555 0.067383
11 0.804688 0.356445 0.111328 0.062500
0 0.875977 0.105469 0.126953 0.072266
0 0.372559 0.307129 0.170898 0.067383
3 0.803711 0.215820 0.042969 0.042969
11 0.184570 0.371582 0.134766 0.073242
11 0.131836 0.758789 0.142578 0.066406
11 0.137207 0.141113 0.090820 0.057617