11 0.164551 0.664062 0.131836 0.060547
0 0.563477 0.701660 0.185547 0.079102
0 0.378906 0.317871 0.193359 0.063477
8 0.763672 0.745117 0.062500 0.062500
0 0.521973 0.218262 0.192383 0.096680
12 0.897949 0.480469 0.047852 0.068359
4 0.677734 0.317383 0.050781 0.050781
9 0.509277 0.531738 0.047852 0.047852
9 0.621094 0.404297 0.060547 0.060547
6 0.870605 0.156738 0.045898 0.045898
0 0.826660 0.875488 0.143555 0.083008
12 0.801270 0.266113 0.059570 0.075195
12 0.894531 0.734375 0.050781 0.050781
2 0.385742 0.693359 0.042969 0.042969