11 0.588867 0.740234 0.142578 0.070312
12 0.820801 0.088379 0.067383 0.061523
11 0.166992 0.205078 0.109375 0.072266
0 0.847656 0.614746 0.193359 0.088867
12 0.712891 0.664062 0.044922 0.050781
6 0.100586 0.739258 0.044922 0.044922
4 0.307617 0.464844 0.048828 0.048828
9 0.145020 0.628418 0.053711 0.053711
0 0.599609 0.842773 0.166016 0.060547
9 0.542969 0.333984 0.054688 0.054688
0 0.824219 0.310547 0.156250 0.074219
3 0.399902 0.281738 0.036133 0.036133
11 0.454102 0.602539 0.093750 0.062500
8 0.312500 0.150391 0.058594 0.058594
9 0.329102 0.222656 0.052734 0.052734
12 0.734863 0.883789 0.051758 0.058594
9 0.551270 0.414551 0.045898 0.045898
12 0.800293 0.423828 0.049805 0.072266