11 0.123535 0.100586 0.090820 0.064453
11 0.773438 0.696289 0.107422 0.074219
2 0.414551 0.421387 0.034180 0.034180
0 0.601074 0.514648 0.186523 0.082031
6 0.613770 0.437012 0.036133 0.036133
0 0.266113 0.446289 0.157227 0.068359
9 0.365723 0.705566 0.061523 0.061523
12 0.163574 0.313965 0.053711 0.057617
11 0.820312 0.252441 0.103516 0.073242
10 0.819336 0.867188 0.056641 0.056641
12 0.504883 0.827637 0.062500 0.049805
5 0.277344 0.307617 0.044922 0.044922
0 0.583008 0.319336 0.142578 0.095703
11 0.127930 0.832031 0.099609 0.074219
0 0.842773 0.413086 0.177734 0.087891
10 0.894531 0.133789 0.060547 0.060547