1 0.380859 0.905762 0.191406 0.055664
9 0.134766 0.835938 0.052734 0.052734
8 0.793457 0.762207 0.043945 0.043945
0 0.123535 0.463867 0.098633 0.052734
0 0.499023 0.787109 0.128906 0.070312
2 0.578125 0.596680 0.048828 0.048828
8 0.757812 0.383789 0.058594 0.058594
5 0.105469 0.722656 0.035156 0.035156
9 0.815918 0.835449 0.055664 0.055664
3 0.144043 0.916504 0.036133 0.036133
3 0.722168 0.256348 0.036133 0.036133
0 0.357910 0.221191 0.116211 0.051758
8 0.833008 0.923828 0.042969 0.042969
0 0.131836 0.648926 0.101562 0.053711