0 0.802734 0.786621 0.185547 0.065430
11 0.674316 0.915039 0.106445 0.070312
12 0.585938 0.747070 0.068359 0.058594
10 0.818359 0.504883 0.052734 0.052734
11 0.379883 0.134766 0.123047 0.056641
10 0.666016 0.629883 0.044922 0.044922
0 0.157227 0.358887 0.136719 0.090820
8 0.918457 0.398926 0.055664 0.055664
11 0.178223 0.222656 0.102539 0.062500
0 0.863770 0.873047 0.170898 0.062500
8 0.346680 0.434570 0.060547 0.060547
11 0.699219 0.536133 0.125000 0.076172
8 0.463379 0.573730 0.057617 0.057617
12 0.773926 0.291504 0.059570 0.071289
10 0.217285 0.822754 0.057617 0.057617
12 0.283691 0.570801 0.051758 0.065430