10 0.234375 0.717773 0.046875 0.046875
5 0.405762 0.691895 0.038086 0.038086
2 0.347168 0.081543 0.036133 0.036133
5 0.376953 0.791992 0.044922 0.044922
2 0.274902 0.604980 0.034180 0.034180
0 0.254395 0.212402 0.118164 0.084961
0 0.652832 0.547363 0.120117 0.084961
1 0.445312 0.154297 0.121094 0.056641
10 0.849609 0.160156 0.046875 0.046875
1 0.404785 0.882324 0.194336 0.075195
10 0.851074 0.714355 0.053711 0.053711
5 0.926758 0.248047 0.044922 0.044922
0 0.686035 0.381348 0.174805 0.055664
6 0.363281 0.400391 0.048828 0.048828