0 0.270020 0.664551 0.163086 0.079102
10 0.863281 0.357422 0.048828 0.048828
1 0.402832 0.161621 0.190430 0.067383
2 0.913574 0.214355 0.047852 0.047852
1 0.754883 0.164551 0.167969 0.073242
7 0.671387 0.834473 0.043945 0.043945
0 0.852051 0.798340 0.172852 0.059570
6 0.376953 0.772461 0.037109 0.037109
1 0.292969 0.509766 0.107422 0.060547
0 0.380859 0.333984 0.142578 0.062500
10 0.507324 0.586426 0.053711 0.053711
3 0.101562 0.178711 0.033203 0.033203
7 0.233887 0.772949 0.036133 0.036133
6 0.689453 0.264648 0.029297 0.029297