8 0.649902 0.712402 0.053711 0.053711
5 0.193359 0.379883 0.046875 0.046875
9 0.452637 0.623535 0.053711 0.053711
12 0.424805 0.251953 0.062500 0.054688
0 0.112305 0.680664 0.126953 0.082031
10 0.352051 0.772949 0.063477 0.063477
12 0.417480 0.366211 0.057617 0.050781
12 0.593262 0.241211 0.047852 0.074219
10 0.769043 0.507324 0.049805 0.049805
0 0.373535 0.530273 0.137695 0.095703
10 0.881348 0.611816 0.059570 0.059570
12 0.915039 0.872559 0.044922 0.065430
6 0.926758 0.091797 0.046875 0.046875
0 0.835938 0.307129 0.166016 0.069336
10 0.459961 0.125977 0.044922 0.044922
0 0.366699 0.877930 0.139648 0.072266
12 0.533203 0.460449 0.058594 0.057617
8 0.695801 0.807129 0.063477 0.063477