1 0.291504 0.185059 0.137695 0.063477
10 0.404785 0.902832 0.053711 0.053711
10 0.823242 0.408203 0.054688 0.054688
0 0.830078 0.777832 0.113281 0.063477
9 0.267578 0.921875 0.056641 0.056641
5 0.166504 0.634277 0.030273 0.030273
1 0.522461 0.768555 0.113281 0.066406
0 0.610840 0.571289 0.114258 0.076172
4 0.474609 0.362305 0.046875 0.046875
5 0.312012 0.408691 0.040039 0.040039
3 0.112305 0.366211 0.031250 0.031250
2 0.734375 0.341797 0.033203 0.033203
3 0.578613 0.182129 0.030273 0.030273
1 0.853027 0.693848 0.147461 0.055664