0 0.231445 0.594238 0.187500 0.071289
0 0.610352 0.381348 0.183594 0.059570
9 0.396484 0.764648 0.062500 0.062500
4 0.464355 0.098145 0.043945 0.043945
11 0.160645 0.295410 0.131836 0.069336
12 0.123535 0.391113 0.059570 0.067383
3 0.892090 0.391113 0.041992 0.041992
9 0.558594 0.579102 0.058594 0.058594
11 0.355469 0.389648 0.107422 0.052734
12 0.399414 0.080078 0.041016 0.062500
0 0.733398 0.176758 0.169922 0.070312
5 0.277832 0.282715 0.040039 0.040039
10 0.473145 0.608887 0.063477 0.063477
11 0.564453 0.859375 0.152344 0.054688