10 0.083984 0.856445 0.054688 0.054688
12 0.633789 0.755859 0.039062 0.062500
3 0.643066 0.496582 0.047852 0.047852
6 0.445801 0.136230 0.034180 0.034180
11 0.502441 0.669922 0.131836 0.050781
12 0.791504 0.390137 0.065430 0.065430
11 0.533203 0.228516 0.103516 0.076172
11 0.181641 0.147461 0.146484 0.060547
0 0.207520 0.543945 0.186523 0.087891
11 0.647461 0.897461 0.144531 0.072266
4 0.520020 0.084473 0.049805 0.049805
4 0.510742 0.397461 0.050781 0.050781
11 0.327148 0.232422 0.134766 0.066406
11 0.896484 0.264160 0.089844 0.065430