0 0.661621 0.138184 0.125977 0.061523
0 0.207520 0.818848 0.133789 0.079102
9 0.454102 0.529297 0.048828 0.048828
7 0.829590 0.808105 0.043945 0.043945
11 0.772461 0.731934 0.093750 0.057617
11 0.554199 0.285645 0.106445 0.075195
12 0.840820 0.148926 0.056641 0.059570
12 0.420410 0.916016 0.043945 0.068359
9 0.224121 0.091309 0.045898 0.045898
11 0.420898 0.609863 0.146484 0.065430
11 0.377930 0.079102 0.123047 0.058594
12 0.153320 0.636719 0.062500 0.068359
0 0.605469 0.653320 0.164062 0.074219
0 0.568359 0.439453 0.128906 0.083984