12 0.747070 0.562012 0.042969 0.075195
11 0.857422 0.831543 0.140625 0.067383
12 0.207031 0.747070 0.046875 0.050781
12 0.508301 0.767578 0.049805 0.076172
2 0.808594 0.248047 0.052734 0.052734
11 0.377441 0.809082 0.110352 0.067383
11 0.737305 0.728516 0.148438 0.048828
10 0.532715 0.598145 0.053711 0.053711
12 0.207520 0.314941 0.065430 0.071289
11 0.186035 0.552246 0.151367 0.075195
0 0.551270 0.114746 0.172852 0.094727
9 0.872070 0.649414 0.056641 0.056641
0 0.692871 0.359863 0.151367 0.088867
12 0.166016 0.200195 0.068359 0.074219
11 0.483887 0.338379 0.112305 0.059570
3 0.082520 0.429199 0.047852 0.047852
8 0.318848 0.145996 0.063477 0.063477