7 0.104492 0.622070 0.046875 0.046875
12 0.833008 0.396973 0.068359 0.065430
3 0.229980 0.408691 0.053711 0.053711
8 0.656250 0.733398 0.050781 0.050781
12 0.706055 0.293945 0.058594 0.070312
11 0.409180 0.878418 0.146484 0.061523
2 0.397461 0.164062 0.044922 0.044922
12 0.516113 0.234863 0.063477 0.075195
0 0.739746 0.872559 0.188477 0.096680
6 0.114746 0.519043 0.040039 0.040039
12 0.782715 0.712891 0.067383 0.066406
11 0.690918 0.201660 0.139648 0.075195
12 0.645508 0.441406 0.041016 0.070312
0 0.330566 0.540039 0.188477 0.091797
5 0.233887 0.843262 0.041992 0.041992
12 0.237305 0.331543 0.046875 0.067383
3 0.276367 0.714844 0.048828 0.048828