3 0.290527 0.324707 0.038086 0.038086
9 0.743164 0.444336 0.052734 0.052734
0 0.128906 0.084961 0.154297 0.062500
12 0.801758 0.094727 0.046875 0.056641
11 0.288086 0.762207 0.134766 0.069336
12 0.453125 0.322266 0.050781 0.056641
11 0.633789 0.151367 0.128906 0.050781
0 0.281250 0.636230 0.175781 0.065430
11 0.768555 0.676270 0.097656 0.061523
0 0.207520 0.420410 0.122070 0.092773
12 0.850098 0.278320 0.067383 0.066406
11 0.890137 0.718750 0.114258 0.060547
11 0.105469 0.538574 0.091797 0.077148
0 0.489746 0.505859 0.194336 0.093750