1 0.873047 0.521973 0.148438 0.053711
1 0.207520 0.684570 0.176758 0.054688
0 0.580566 0.094238 0.145508 0.071289
0 0.196289 0.140625 0.160156 0.076172
10 0.430664 0.354492 0.042969 0.042969
0 0.417969 0.908691 0.099609 0.055664
0 0.594238 0.787598 0.170898 0.061523
6 0.776855 0.849121 0.045898 0.045898
10 0.250977 0.454102 0.042969 0.042969
0 0.647461 0.526855 0.162109 0.079102
9 0.486816 0.178223 0.045898 0.045898
0 0.258301 0.335938 0.172852 0.062500
7 0.850098 0.283691 0.032227 0.032227
6 0.835449 0.780762 0.030273 0.030273