4 0.107422 0.587891 0.042969 0.042969
12 0.512695 0.136719 0.052734 0.058594
5 0.665527 0.795410 0.051758 0.051758
0 0.514648 0.499512 0.117188 0.090820
8 0.690918 0.305176 0.047852 0.047852
12 0.680176 0.636230 0.045898 0.057617
4 0.283691 0.391113 0.051758 0.051758
10 0.491211 0.598633 0.046875 0.046875
0 0.721680 0.508301 0.195312 0.086914
11 0.449219 0.913574 0.091797 0.049805
0 0.275391 0.877930 0.123047 0.095703
2 0.812012 0.218262 0.047852 0.047852
12 0.355957 0.437500 0.053711 0.066406
0 0.312500 0.100586 0.169922 0.093750
8 0.464355 0.775879 0.049805 0.049805
12 0.179199 0.113281 0.051758 0.072266
0 0.202637 0.682617 0.143555 0.064453