10 0.215820 0.440430 0.060547 0.060547
3 0.493164 0.181641 0.041016 0.041016
8 0.531738 0.451660 0.043945 0.043945
8 0.904297 0.182617 0.056641 0.056641
3 0.271973 0.525879 0.041992 0.041992
0 0.132812 0.659180 0.128906 0.076172
0 0.224609 0.233887 0.181641 0.077148
10 0.402344 0.140625 0.058594 0.058594
0 0.643066 0.200684 0.186523 0.075195
5 0.673340 0.540527 0.045898 0.045898
2 0.344238 0.915527 0.038086 0.038086
0 0.250488 0.785645 0.174805 0.083008
9 0.194336 0.336914 0.058594 0.058594
2 0.787109 0.624023 0.046875 0.046875