10 0.371582 0.128418 0.057617 0.057617
7 0.474121 0.112793 0.034180 0.034180
9 0.629883 0.501953 0.046875 0.046875
8 0.711914 0.895508 0.054688 0.054688
0 0.870605 0.806152 0.106445 0.073242
1 0.396973 0.490234 0.190430 0.074219
6 0.204590 0.195801 0.045898 0.045898
0 0.674805 0.252930 0.119141 0.054688
1 0.602051 0.125488 0.143555 0.057617
6 0.869629 0.380371 0.036133 0.036133
0 0.361328 0.296875 0.117188 0.076172
8 0.623535 0.373535 0.051758 0.051758
10 0.096680 0.592773 0.050781 0.050781
1 0.569824 0.713867 0.118164 0.064453
7 0.489746 0.338379 0.045898 0.045898