9 0.760742 0.303711 0.058594 0.058594
0 0.865234 0.684082 0.138672 0.065430
0 0.749023 0.127930 0.150391 0.097656
6 0.883789 0.886719 0.052734 0.052734
12 0.498535 0.639648 0.045898 0.066406
3 0.262207 0.538574 0.040039 0.040039
12 0.896973 0.375000 0.067383 0.052734
7 0.650879 0.468262 0.040039 0.040039
12 0.390625 0.422363 0.050781 0.065430
9 0.721191 0.683105 0.043945 0.043945
11 0.385742 0.172852 0.140625 0.052734
6 0.215332 0.280762 0.053711 0.053711
8 0.519043 0.468262 0.053711 0.053711
3 0.230469 0.457031 0.042969 0.042969
4 0.773438 0.557617 0.039062 0.039062