1 0.408691 0.396973 0.131836 0.049805
1 0.699707 0.787109 0.186523 0.070312
9 0.522461 0.666992 0.058594 0.058594
6 0.400391 0.785156 0.029297 0.029297
5 0.433105 0.503418 0.045898 0.045898
0 0.347168 0.609863 0.161133 0.067383
8 0.831055 0.445312 0.048828 0.048828
8 0.108887 0.614746 0.041992 0.041992
1 0.861328 0.887207 0.156250 0.061523
0 0.479492 0.897461 0.123047 0.066406
8 0.649902 0.674316 0.041992 0.041992
0 0.863770 0.298340 0.110352 0.055664
4 0.315430 0.909180 0.041016 0.041016
3 0.293945 0.748047 0.048828 0.048828