12 0.293945 0.904297 0.064453 0.064453
11 0.436035 0.149414 0.094727 0.070312
2 0.349121 0.344238 0.051758 0.051758
12 0.310059 0.222168 0.040039 0.049805
0 0.826660 0.538574 0.178711 0.077148
0 0.585938 0.604004 0.130859 0.071289
6 0.819824 0.443848 0.040039 0.040039
0 0.222656 0.134766 0.183594 0.074219
6 0.354492 0.091797 0.037109 0.037109
3 0.845703 0.756836 0.042969 0.042969
10 0.593262 0.737793 0.047852 0.047852
11 0.123047 0.505859 0.142578 0.060547
9 0.534180 0.519531 0.044922 0.044922
9 0.655762 0.502441 0.057617 0.057617
12 0.792969 0.180176 0.048828 0.077148
0 0.823730 0.869629 0.147461 0.065430