8 0.418945 0.342773 0.046875 0.046875
0 0.232910 0.725098 0.139648 0.069336
10 0.344238 0.219238 0.051758 0.051758
0 0.596191 0.602051 0.112305 0.073242
8 0.277832 0.537598 0.055664 0.055664
8 0.244629 0.633301 0.053711 0.053711
0 0.669434 0.771484 0.098633 0.082031
0 0.831055 0.829590 0.152344 0.053711
7 0.076660 0.578613 0.047852 0.047852
5 0.144531 0.621094 0.035156 0.035156
0 0.792480 0.285645 0.112305 0.077148
0 0.147949 0.453125 0.174805 0.050781
6 0.452637 0.829590 0.034180 0.034180
0 0.507324 0.192383 0.172852 0.082031
8 0.708008 0.202148 0.044922 0.044922