1 0.190430 0.187500 0.162109 0.072266
3 0.648926 0.304199 0.045898 0.045898
1 0.775879 0.653809 0.161133 0.059570
0 0.568848 0.778320 0.137695 0.066406
4 0.606934 0.170410 0.034180 0.034180
1 0.491699 0.334473 0.168945 0.051758
0 0.756348 0.218750 0.100586 0.083984
10 0.830566 0.803223 0.051758 0.051758
10 0.625488 0.518066 0.049805 0.049805
8 0.111816 0.444824 0.053711 0.053711
1 0.273926 0.621582 0.161133 0.065430
8 0.228516 0.416992 0.050781 0.050781
1 0.489258 0.622559 0.193359 0.063477
0 0.679688 0.421387 0.162109 0.057617
0 0.237305 0.853516 0.125000 0.062500