2 0.277832 0.368652 0.049805 0.049805
9 0.720703 0.848633 0.058594 0.058594
8 0.459473 0.763184 0.057617 0.057617
12 0.836426 0.344727 0.055664 0.056641
9 0.446289 0.145508 0.050781 0.050781
12 0.882812 0.184082 0.039062 0.051758
11 0.375488 0.537598 0.151367 0.063477
11 0.200684 0.490234 0.153320 0.050781
6 0.104492 0.419922 0.050781 0.050781
12 0.631348 0.761719 0.045898 0.072266
11 0.859863 0.703125 0.141602 0.072266
11 0.208496 0.653809 0.106445 0.059570
0 0.223633 0.855957 0.126953 0.096680
0 0.643066 0.104980 0.161133 0.090820
0 0.739746 0.521484 0.118164 0.089844