0 0.182129 0.808105 0.122070 0.073242
0 0.237793 0.436035 0.133789 0.073242
0 0.659180 0.390137 0.132812 0.069336
9 0.401367 0.420898 0.048828 0.048828
11 0.894531 0.763184 0.103516 0.069336
12 0.833496 0.608887 0.040039 0.053711
8 0.646484 0.708984 0.060547 0.060547
12 0.291504 0.157715 0.055664 0.049805
11 0.263184 0.654297 0.124023 0.066406
11 0.510254 0.132812 0.108398 0.064453
11 0.690918 0.875977 0.122070 0.074219
12 0.486816 0.558105 0.053711 0.053711
0 0.456055 0.261719 0.173828 0.078125
9 0.413086 0.119141 0.044922 0.044922
0 0.677734 0.611816 0.195312 0.067383
0 0.754883 0.193359 0.150391 0.085938
0 0.373047 0.544922 0.132812 0.080078
7 0.492676 0.680176 0.038086 0.038086