0 0.780273 0.518555 0.142578 0.072266
1 0.492676 0.121582 0.190430 0.073242
1 0.514648 0.757812 0.125000 0.078125
0 0.552734 0.454590 0.152344 0.061523
1 0.780273 0.640625 0.183594 0.054688
6 0.209473 0.486816 0.034180 0.034180
0 0.771484 0.093262 0.166016 0.063477
10 0.755859 0.268555 0.041016 0.041016
0 0.550781 0.852051 0.175781 0.053711
8 0.215820 0.195312 0.054688 0.054688
1 0.876953 0.343750 0.146484 0.050781
8 0.790039 0.748047 0.052734 0.052734
6 0.396973 0.650879 0.034180 0.034180
10 0.622559 0.537598 0.041992 0.041992