11 0.473633 0.809570 0.121094 0.066406
10 0.403809 0.137207 0.045898 0.045898
11 0.297852 0.104492 0.109375 0.076172
12 0.329590 0.888184 0.051758 0.063477
0 0.724609 0.255859 0.187500 0.082031
10 0.100586 0.687500 0.050781 0.050781
9 0.879395 0.904785 0.055664 0.055664
3 0.478027 0.384277 0.045898 0.045898
0 0.139648 0.422852 0.128906 0.072266
11 0.603516 0.638672 0.123047 0.062500
5 0.114746 0.129395 0.045898 0.045898
8 0.310059 0.413574 0.051758 0.051758
3 0.216797 0.829102 0.046875 0.046875
11 0.651367 0.145996 0.119141 0.069336
3 0.226562 0.529297 0.046875 0.046875