0 0.798340 0.599609 0.184570 0.074219
5 0.740723 0.164551 0.041992 0.041992
0 0.328613 0.217773 0.178711 0.097656
0 0.485840 0.571777 0.166992 0.086914
0 0.525391 0.896484 0.166016 0.097656
10 0.605469 0.364258 0.062500 0.062500
0 0.207031 0.375977 0.189453 0.068359
4 0.291992 0.080078 0.042969 0.042969
11 0.732422 0.869629 0.095703 0.071289
2 0.085938 0.106445 0.050781 0.050781
10 0.255371 0.906738 0.059570 0.059570
12 0.530273 0.191895 0.056641 0.055664
9 0.729004 0.350098 0.043945 0.043945
0 0.164551 0.664551 0.145508 0.088867
0 0.608887 0.721680 0.125977 0.068359