0 0.725098 0.744141 0.137695 0.083984
11 0.423828 0.218262 0.119141 0.063477
9 0.626953 0.447266 0.044922 0.044922
4 0.271973 0.536621 0.053711 0.053711
11 0.803711 0.649414 0.152344 0.048828
12 0.816895 0.213867 0.045898 0.052734
12 0.833496 0.386719 0.041992 0.078125
0 0.478027 0.853027 0.131836 0.073242
8 0.298828 0.821289 0.044922 0.044922
5 0.236816 0.135254 0.047852 0.047852
12 0.481445 0.116699 0.048828 0.051758
8 0.645020 0.513184 0.043945 0.043945
0 0.848633 0.567383 0.181641 0.080078
11 0.622559 0.603516 0.133789 0.054688
5 0.333984 0.711914 0.050781 0.050781