4 0.211914 0.456055 0.044922 0.044922
11 0.425781 0.530273 0.105469 0.062500
0 0.803711 0.159668 0.136719 0.094727
0 0.249512 0.644043 0.184570 0.059570
12 0.453613 0.346191 0.041992 0.049805
11 0.540039 0.880859 0.156250 0.076172
0 0.707520 0.578613 0.155273 0.079102
11 0.324707 0.896484 0.127930 0.050781
11 0.876465 0.463867 0.092773 0.058594
0 0.345703 0.167480 0.121094 0.073242
0 0.821289 0.765137 0.169922 0.079102
0 0.509277 0.769531 0.178711 0.097656
11 0.149902 0.377441 0.108398 0.051758
0 0.633789 0.207031 0.148438 0.070312
10 0.591797 0.335938 0.062500 0.062500