11 0.835938 0.748535 0.150391 0.067383
7 0.143066 0.695801 0.051758 0.051758
0 0.489258 0.140625 0.130859 0.091797
0 0.524414 0.739258 0.187500 0.097656
0 0.328125 0.167480 0.126953 0.092773
11 0.737793 0.494141 0.092773 0.078125
0 0.691895 0.125000 0.118164 0.072266
0 0.658691 0.397949 0.182617 0.083008
2 0.805176 0.139160 0.047852 0.047852
4 0.572266 0.837891 0.035156 0.035156
3 0.612305 0.620117 0.035156 0.035156
12 0.221680 0.825684 0.044922 0.067383
5 0.442383 0.429688 0.039062 0.039062
0 0.818848 0.607910 0.157227 0.092773
12 0.638184 0.307617 0.057617 0.060547
12 0.393555 0.870117 0.044922 0.052734