11 0.110840 0.526367 0.118164 0.062500
4 0.118164 0.739258 0.039062 0.039062
12 0.497070 0.085449 0.044922 0.065430
9 0.829590 0.443848 0.051758 0.051758
12 0.515137 0.391113 0.040039 0.059570
12 0.194336 0.392090 0.042969 0.077148
3 0.384766 0.536133 0.041016 0.041016
3 0.310059 0.537598 0.040039 0.040039
11 0.317871 0.767090 0.124023 0.059570
12 0.696289 0.827637 0.041016 0.061523
11 0.573242 0.173340 0.103516 0.077148
0 0.189453 0.122559 0.191406 0.094727
9 0.837402 0.598145 0.053711 0.053711
0 0.855469 0.260254 0.117188 0.069336
12 0.733887 0.249023 0.065430 0.060547
8 0.879883 0.711914 0.052734 0.052734
12 0.254395 0.416992 0.045898 0.074219
12 0.344238 0.681152 0.065430 0.055664