2 0.276855 0.790527 0.041992 0.041992
3 0.855957 0.487793 0.053711 0.053711
11 0.665039 0.319824 0.126953 0.067383
11 0.617188 0.412598 0.146484 0.049805
11 0.494629 0.573730 0.129883 0.071289
11 0.470215 0.195312 0.124023 0.066406
9 0.341797 0.295898 0.058594 0.058594
5 0.219727 0.891602 0.039062 0.039062
7 0.590332 0.838379 0.049805 0.049805
11 0.249023 0.712402 0.138672 0.051758
9 0.440430 0.693359 0.062500 0.062500
0 0.633789 0.745117 0.160156 0.080078
12 0.454102 0.454590 0.068359 0.063477
7 0.343750 0.923828 0.050781 0.050781
5 0.914062 0.093750 0.048828 0.048828
6 0.716797 0.503906 0.044922 0.044922
12 0.218750 0.590332 0.044922 0.057617