0 0.691406 0.515137 0.169922 0.081055
6 0.124023 0.666992 0.033203 0.033203
1 0.505371 0.725586 0.149414 0.066406
7 0.803223 0.671387 0.032227 0.032227
9 0.727051 0.087402 0.049805 0.049805
1 0.321289 0.890625 0.148438 0.064453
9 0.124023 0.599609 0.052734 0.052734
0 0.278809 0.620605 0.133789 0.059570
0 0.715332 0.910156 0.114258 0.074219
7 0.296875 0.765625 0.029297 0.029297
0 0.459473 0.412109 0.145508 0.066406
1 0.206055 0.323730 0.181641 0.055664
9 0.631836 0.279297 0.048828 0.048828
6 0.609863 0.926270 0.038086 0.038086
1 0.833984 0.795898 0.175781 0.076172