4 0.900391 0.113281 0.029297 0.029297
3 0.409668 0.088379 0.045898 0.045898
0 0.643066 0.359863 0.120117 0.069336
8 0.104004 0.160645 0.049805 0.049805
0 0.396973 0.566406 0.124023 0.076172
10 0.320312 0.178711 0.048828 0.048828
10 0.331543 0.895996 0.041992 0.041992
1 0.671387 0.188965 0.129883 0.077148
6 0.914062 0.477539 0.039062 0.039062
3 0.339355 0.441895 0.043945 0.043945
1 0.428711 0.781738 0.136719 0.073242
0 0.571289 0.583496 0.154297 0.079102
9 0.151367 0.651367 0.048828 0.048828
8 0.867676 0.718262 0.041992 0.041992
0 0.726074 0.842285 0.137695 0.086914