1 0.146484 0.235840 0.152344 0.073242
4 0.797363 0.777832 0.043945 0.043945
1 0.602051 0.121582 0.163086 0.059570
8 0.880859 0.761719 0.042969 0.042969
0 0.498047 0.659180 0.164062 0.074219
1 0.315430 0.804199 0.125000 0.067383
9 0.150391 0.785156 0.048828 0.048828
0 0.428711 0.342773 0.103516 0.068359
6 0.776855 0.360840 0.047852 0.047852
5 0.732910 0.166504 0.038086 0.038086
1 0.166992 0.101562 0.125000 0.074219
9 0.320312 0.308594 0.044922 0.044922
2 0.342773 0.472656 0.039062 0.039062
10 0.069824 0.379395 0.040039 0.040039
2 0.421387 0.807129 0.036133 0.036133