8 0.819336 0.745117 0.050781 0.050781
11 0.601074 0.270020 0.141602 0.049805
11 0.713379 0.394043 0.129883 0.061523
0 0.289062 0.285645 0.185547 0.061523
11 0.469727 0.805664 0.142578 0.068359
12 0.863281 0.163086 0.058594 0.072266
3 0.901855 0.670410 0.051758 0.051758
4 0.487305 0.680664 0.042969 0.042969
0 0.585938 0.578613 0.187500 0.083008
8 0.699707 0.748535 0.055664 0.055664
0 0.807617 0.520508 0.158203 0.078125
0 0.331055 0.489258 0.148438 0.066406
11 0.220215 0.787598 0.088867 0.069336
0 0.261230 0.138184 0.163086 0.086914
12 0.366211 0.654785 0.052734 0.065430
12 0.588867 0.914551 0.046875 0.071289
12 0.388672 0.117188 0.048828 0.062500