10 0.480957 0.451660 0.057617 0.057617
0 0.299316 0.145020 0.178711 0.067383
3 0.395020 0.870605 0.045898 0.045898
10 0.578613 0.183105 0.057617 0.057617
10 0.622070 0.363281 0.052734 0.052734
0 0.875977 0.399902 0.134766 0.059570
11 0.344727 0.309570 0.125000 0.062500
0 0.172852 0.448730 0.132812 0.073242
10 0.072754 0.328613 0.047852 0.047852
0 0.705078 0.767578 0.173828 0.066406
3 0.875000 0.477539 0.037109 0.037109
9 0.817383 0.078125 0.058594 0.058594
0 0.714844 0.222168 0.150391 0.075195
9 0.509277 0.385254 0.043945 0.043945
0 0.193359 0.278320 0.138672 0.093750