3 0.578613 0.787598 0.036133 0.036133
10 0.872070 0.163086 0.041016 0.041016
9 0.479004 0.829590 0.053711 0.053711
10 0.576172 0.089844 0.048828 0.048828
5 0.880859 0.714844 0.031250 0.031250
7 0.776367 0.832031 0.039062 0.039062
0 0.578613 0.460938 0.116211 0.060547
0 0.644043 0.582520 0.120117 0.077148
0 0.764160 0.419434 0.163086 0.057617
10 0.539551 0.230957 0.041992 0.041992
4 0.278809 0.584473 0.040039 0.040039
0 0.851074 0.569824 0.161133 0.069336
9 0.588867 0.295898 0.046875 0.046875
4 0.720215 0.172363 0.036133 0.036133
1 0.401367 0.463379 0.187500 0.069336