2 0.900879 0.274902 0.047852 0.047852
11 0.389160 0.541016 0.137695 0.050781
4 0.840820 0.777344 0.044922 0.044922
8 0.663086 0.596680 0.054688 0.054688
0 0.391113 0.228027 0.182617 0.071289
7 0.603027 0.712402 0.047852 0.047852
0 0.862793 0.557129 0.174805 0.067383
12 0.508789 0.864746 0.054688 0.065430
2 0.090820 0.373047 0.048828 0.048828
12 0.621582 0.210449 0.061523 0.067383
12 0.636719 0.821289 0.064453 0.076172
7 0.604492 0.083008 0.046875 0.046875
5 0.166504 0.841309 0.049805 0.049805
2 0.642090 0.377441 0.051758 0.051758