11 0.363281 0.150391 0.130859 0.052734
12 0.612305 0.904785 0.039062 0.057617
12 0.432617 0.610352 0.060547 0.058594
12 0.113770 0.599121 0.041992 0.051758
0 0.186523 0.282227 0.175781 0.078125
8 0.588867 0.246094 0.054688 0.054688
8 0.723633 0.768555 0.044922 0.044922
12 0.437988 0.739258 0.049805 0.052734
9 0.840820 0.908203 0.056641 0.056641
4 0.819336 0.282227 0.044922 0.044922
12 0.789551 0.838379 0.061523 0.051758
11 0.132324 0.683105 0.155273 0.069336
8 0.689941 0.099121 0.055664 0.055664
0 0.801270 0.539551 0.192383 0.071289
11 0.330078 0.434570 0.105469 0.074219
11 0.190918 0.380371 0.110352 0.057617
8 0.539551 0.124512 0.061523 0.061523
4 0.736328 0.907227 0.048828 0.048828