0 0.128418 0.601074 0.118164 0.086914
11 0.274902 0.098145 0.143555 0.063477
11 0.860840 0.344238 0.094727 0.055664
0 0.353516 0.520508 0.140625 0.083984
12 0.918457 0.518066 0.045898 0.077148
9 0.699707 0.592285 0.053711 0.053711
4 0.774414 0.149414 0.042969 0.042969
9 0.424805 0.305664 0.060547 0.060547
0 0.791016 0.740723 0.142578 0.092773
5 0.286621 0.720215 0.041992 0.041992
10 0.736328 0.327148 0.048828 0.048828
11 0.387695 0.880859 0.099609 0.074219
10 0.335449 0.418457 0.063477 0.063477
0 0.629395 0.109863 0.145508 0.084961
2 0.624512 0.489746 0.049805 0.049805
8 0.776855 0.546387 0.055664 0.055664