0 0.830566 0.664551 0.127930 0.079102
0 0.167480 0.817871 0.161133 0.086914
9 0.556152 0.191895 0.055664 0.055664
0 0.562988 0.755859 0.125977 0.087891
9 0.463379 0.317871 0.057617 0.057617
0 0.291992 0.437988 0.171875 0.075195
5 0.153320 0.411133 0.035156 0.035156
7 0.716309 0.144043 0.030273 0.030273
9 0.556641 0.265625 0.048828 0.048828
1 0.375977 0.846680 0.189453 0.070312
7 0.102051 0.215332 0.036133 0.036133
1 0.201172 0.208008 0.111328 0.068359
1 0.440430 0.585449 0.158203 0.051758
7 0.509766 0.418945 0.031250 0.031250
0 0.887695 0.234863 0.105469 0.083008