0 0.568359 0.655762 0.185547 0.073242
0 0.850586 0.321777 0.125000 0.067383
12 0.920410 0.878418 0.047852 0.053711
11 0.348145 0.712402 0.100586 0.067383
11 0.254395 0.822754 0.129883 0.073242
9 0.729980 0.596191 0.055664 0.055664
10 0.191406 0.335938 0.046875 0.046875
0 0.844238 0.139648 0.166992 0.060547
0 0.486328 0.217773 0.183594 0.091797
11 0.124512 0.492188 0.147461 0.062500
11 0.201660 0.111328 0.147461 0.072266
11 0.495117 0.506348 0.130859 0.057617
4 0.150879 0.259277 0.047852 0.047852
11 0.665039 0.784180 0.091797 0.056641
4 0.499023 0.897461 0.050781 0.050781
11 0.388184 0.920898 0.118164 0.052734
11 0.662598 0.518555 0.129883 0.056641
12 0.329590 0.374512 0.063477 0.073242