0 0.815430 0.602051 0.181641 0.084961
0 0.398438 0.742188 0.191406 0.076172
0 0.537109 0.463867 0.183594 0.091797
0 0.738281 0.467285 0.134766 0.092773
0 0.265625 0.367188 0.158203 0.062500
0 0.391602 0.895508 0.164062 0.068359
0 0.708984 0.878418 0.191406 0.063477
12 0.820801 0.692383 0.067383 0.058594
11 0.438965 0.330078 0.147461 0.062500
11 0.392578 0.255371 0.142578 0.051758
11 0.126465 0.869141 0.112305 0.060547
0 0.165039 0.652832 0.158203 0.096680
9 0.095215 0.409668 0.045898 0.045898
11 0.641602 0.650879 0.128906 0.069336
12 0.529785 0.201660 0.065430 0.059570
11 0.721680 0.080078 0.148438 0.048828