11 0.310547 0.170898 0.140625 0.074219
3 0.512695 0.520508 0.041016 0.041016
12 0.568848 0.357422 0.049805 0.052734
0 0.418457 0.323242 0.139648 0.078125
11 0.755859 0.599609 0.154297 0.076172
2 0.304688 0.084961 0.052734 0.052734
11 0.267090 0.376953 0.125977 0.050781
9 0.608398 0.242188 0.046875 0.046875
11 0.459473 0.594238 0.125977 0.073242
3 0.340332 0.691895 0.053711 0.053711
12 0.602539 0.823242 0.062500 0.072266
11 0.873535 0.093750 0.114258 0.060547
0 0.504395 0.708008 0.166992 0.076172
11 0.272461 0.544922 0.117188 0.078125
0 0.733398 0.879883 0.132812 0.095703
8 0.710938 0.752930 0.058594 0.058594
6 0.817383 0.757812 0.037109 0.037109
4 0.729492 0.378906 0.044922 0.044922