12 0.365234 0.708008 0.042969 0.052734
11 0.354492 0.792969 0.148438 0.050781
10 0.376465 0.176270 0.059570 0.059570
3 0.646973 0.266113 0.041992 0.041992
12 0.160645 0.639648 0.055664 0.058594
9 0.242188 0.356445 0.060547 0.060547
11 0.147461 0.557129 0.095703 0.057617
0 0.503418 0.706055 0.161133 0.082031
3 0.829102 0.331055 0.041016 0.041016
0 0.757812 0.917480 0.164062 0.067383
5 0.911621 0.688965 0.043945 0.043945
11 0.229492 0.092285 0.140625 0.053711
8 0.920410 0.551270 0.043945 0.043945
9 0.229980 0.183105 0.053711 0.053711
4 0.239258 0.921875 0.037109 0.037109