0 0.350586 0.179199 0.103516 0.067383
1 0.343262 0.088379 0.139648 0.061523
0 0.582031 0.654297 0.123047 0.048828
1 0.666016 0.208984 0.154297 0.056641
4 0.390137 0.577637 0.040039 0.040039
1 0.762695 0.804199 0.160156 0.059570
1 0.541504 0.854492 0.098633 0.054688
1 0.900391 0.212891 0.101562 0.066406
10 0.295410 0.491699 0.055664 0.055664
1 0.397949 0.669434 0.129883 0.065430
1 0.331055 0.897949 0.181641 0.067383
10 0.306641 0.275391 0.048828 0.048828
10 0.187500 0.475586 0.048828 0.048828
0 0.610840 0.356445 0.168945 0.083984
0 0.420898 0.466309 0.142578 0.055664