3 0.573730 0.327637 0.045898 0.045898
8 0.388672 0.418945 0.056641 0.056641
0 0.489258 0.804688 0.148438 0.076172
11 0.167969 0.229004 0.125000 0.051758
12 0.894531 0.127441 0.039062 0.057617
7 0.133789 0.885742 0.052734 0.052734
9 0.469727 0.402344 0.052734 0.052734
9 0.216797 0.408203 0.046875 0.046875
0 0.459473 0.157715 0.188477 0.092773
9 0.087891 0.607422 0.060547 0.060547
12 0.643066 0.820801 0.053711 0.057617
12 0.113770 0.315918 0.049805 0.065430
10 0.562012 0.426270 0.045898 0.045898
10 0.360352 0.826172 0.062500 0.062500
0 0.786133 0.696289 0.171875 0.089844
2 0.751465 0.835449 0.041992 0.041992
12 0.279785 0.514648 0.047852 0.058594