2 0.633789 0.747070 0.044922 0.044922
4 0.725586 0.672852 0.046875 0.046875
12 0.713867 0.483398 0.068359 0.060547
2 0.080566 0.843262 0.034180 0.034180
5 0.556152 0.449707 0.038086 0.038086
10 0.336914 0.840820 0.046875 0.046875
4 0.625488 0.297363 0.049805 0.049805
12 0.786133 0.770508 0.068359 0.052734
10 0.593750 0.542969 0.062500 0.062500
11 0.860352 0.528320 0.121094 0.072266
12 0.625000 0.151367 0.048828 0.058594
0 0.318359 0.535645 0.158203 0.061523
11 0.300781 0.651855 0.105469 0.071289
11 0.150879 0.291016 0.104492 0.054688
11 0.184570 0.427246 0.132812 0.071289
0 0.619629 0.885742 0.125977 0.097656