9 0.271484 0.717773 0.052734 0.052734
8 0.487793 0.303223 0.053711 0.053711
0 0.360352 0.638672 0.158203 0.072266
12 0.889160 0.630859 0.041992 0.068359
8 0.587891 0.564453 0.050781 0.050781
5 0.820312 0.352539 0.044922 0.044922
0 0.317383 0.883789 0.156250 0.095703
12 0.515625 0.720215 0.064453 0.071289
11 0.510742 0.091309 0.134766 0.063477
12 0.173340 0.844238 0.045898 0.075195
11 0.778809 0.569336 0.088867 0.068359
11 0.389160 0.736328 0.098633 0.064453
12 0.084961 0.595703 0.054688 0.062500
12 0.820312 0.751953 0.046875 0.060547