10 0.833984 0.900391 0.048828 0.048828
12 0.255371 0.183594 0.043945 0.068359
0 0.540527 0.579590 0.125977 0.090820
10 0.750488 0.229004 0.045898 0.045898
8 0.645996 0.892090 0.049805 0.049805
3 0.569336 0.843750 0.050781 0.050781
0 0.413086 0.739258 0.195312 0.089844
12 0.462891 0.431152 0.054688 0.049805
7 0.611328 0.383789 0.037109 0.037109
0 0.164551 0.692383 0.184570 0.087891
11 0.161621 0.094727 0.129883 0.076172
8 0.713379 0.653809 0.049805 0.049805
12 0.914062 0.806152 0.056641 0.055664
8 0.587402 0.078613 0.047852 0.047852
12 0.555664 0.735840 0.058594 0.057617
5 0.193359 0.432617 0.039062 0.039062