11 0.506836 0.250977 0.138672 0.056641
12 0.116211 0.391602 0.054688 0.070312
12 0.124023 0.699219 0.050781 0.050781
12 0.246094 0.464355 0.066406 0.055664
11 0.205566 0.850586 0.145508 0.062500
0 0.443848 0.657715 0.168945 0.071289
12 0.407715 0.746094 0.049805 0.072266
12 0.307129 0.719238 0.051758 0.055664
12 0.574219 0.101074 0.050781 0.065430
12 0.585449 0.458496 0.051758 0.055664
11 0.450684 0.367188 0.153320 0.054688
10 0.154297 0.615234 0.058594 0.058594
6 0.599609 0.626953 0.041016 0.041016