0 0.308594 0.619629 0.152344 0.065430
12 0.665527 0.189941 0.065430 0.053711
11 0.418945 0.499023 0.101562 0.060547
9 0.282227 0.269531 0.054688 0.054688
0 0.845703 0.688965 0.164062 0.086914
0 0.127441 0.548340 0.122070 0.096680
12 0.668457 0.425781 0.059570 0.072266
8 0.656250 0.564453 0.058594 0.058594
8 0.633301 0.343262 0.051758 0.051758
11 0.320312 0.750977 0.115234 0.074219
12 0.283691 0.421875 0.067383 0.066406
11 0.569824 0.662598 0.108398 0.071289
8 0.891602 0.589844 0.058594 0.058594
12 0.845215 0.271973 0.063477 0.055664
12 0.177734 0.270996 0.064453 0.069336