8 0.666504 0.458496 0.045898 0.045898
12 0.790527 0.132812 0.063477 0.060547
11 0.113770 0.612305 0.102539 0.060547
0 0.843262 0.687988 0.161133 0.071289
0 0.578125 0.819824 0.150391 0.083008
4 0.486328 0.391602 0.042969 0.042969
11 0.118652 0.715820 0.090820 0.078125
8 0.494629 0.663574 0.053711 0.053711
5 0.569336 0.608398 0.042969 0.042969
5 0.107422 0.078125 0.042969 0.042969
2 0.536133 0.087891 0.037109 0.037109
11 0.816895 0.918945 0.125977 0.050781
0 0.283691 0.248535 0.124023 0.096680
3 0.184082 0.171387 0.043945 0.043945
2 0.746094 0.497070 0.042969 0.042969
6 0.248535 0.501465 0.034180 0.034180
6 0.468262 0.125488 0.041992 0.041992