6 0.540527 0.092285 0.047852 0.047852
12 0.517090 0.598633 0.053711 0.052734
10 0.647461 0.655273 0.046875 0.046875
10 0.428223 0.371582 0.055664 0.055664
0 0.308105 0.287109 0.129883 0.074219
6 0.657715 0.383301 0.047852 0.047852
0 0.815918 0.667480 0.118164 0.088867
0 0.781738 0.869141 0.135742 0.078125
7 0.794434 0.526855 0.043945 0.043945
10 0.546387 0.513184 0.045898 0.045898
9 0.357910 0.891113 0.057617 0.057617
0 0.608887 0.909668 0.163086 0.069336
11 0.876953 0.328125 0.142578 0.062500
5 0.592285 0.824707 0.051758 0.051758