4 0.516602 0.372070 0.044922 0.044922
10 0.083984 0.656250 0.062500 0.062500
10 0.215820 0.113281 0.060547 0.060547
12 0.551270 0.646973 0.063477 0.075195
0 0.145508 0.540039 0.169922 0.089844
2 0.724609 0.357422 0.046875 0.046875
7 0.128906 0.809570 0.041016 0.041016
10 0.526367 0.559570 0.054688 0.054688
0 0.461914 0.141113 0.166016 0.065430
0 0.443359 0.642090 0.117188 0.059570
12 0.074707 0.327148 0.049805 0.052734
8 0.307617 0.833984 0.052734 0.052734
11 0.509766 0.898926 0.130859 0.073242
0 0.757812 0.863281 0.175781 0.058594
0 0.705078 0.704590 0.138672 0.081055
11 0.646973 0.510742 0.151367 0.054688