0 0.609375 0.197754 0.097656 0.084961
1 0.529785 0.372070 0.102539 0.066406
3 0.199219 0.797852 0.042969 0.042969
9 0.464844 0.838867 0.052734 0.052734
3 0.355469 0.809570 0.039062 0.039062
3 0.739746 0.403809 0.041992 0.041992
1 0.471680 0.621094 0.167969 0.064453
3 0.202148 0.630859 0.037109 0.037109
10 0.664062 0.863281 0.058594 0.058594
1 0.345215 0.122559 0.131836 0.065430
1 0.294434 0.541504 0.120117 0.061523
1 0.425293 0.263184 0.188477 0.065430
0 0.885742 0.271973 0.113281 0.051758
1 0.635742 0.527344 0.185547 0.058594