1 0.647949 0.632812 0.118164 0.058594
5 0.835938 0.575195 0.041016 0.041016
1 0.520020 0.264648 0.186523 0.052734
1 0.440430 0.590820 0.183594 0.056641
1 0.721191 0.212402 0.151367 0.061523
1 0.254883 0.232422 0.154297 0.050781
3 0.858887 0.358887 0.030273 0.030273
10 0.138672 0.432617 0.039062 0.039062
0 0.711426 0.308105 0.108398 0.061523
0 0.351562 0.763672 0.152344 0.062500
10 0.749023 0.516602 0.048828 0.048828
4 0.179688 0.818359 0.039062 0.039062
10 0.370117 0.845703 0.056641 0.056641
6 0.918457 0.308105 0.041992 0.041992
1 0.519043 0.101074 0.145508 0.057617