3 0.504395 0.310059 0.053711 0.053711
3 0.079102 0.323242 0.041016 0.041016
8 0.551758 0.597656 0.060547 0.060547
12 0.357910 0.350586 0.047852 0.048828
0 0.410156 0.529297 0.166016 0.078125
4 0.685059 0.220215 0.041992 0.041992
2 0.788574 0.407715 0.034180 0.034180
12 0.252930 0.214844 0.060547 0.056641
7 0.582520 0.772949 0.047852 0.047852
10 0.230469 0.620117 0.044922 0.044922
11 0.204590 0.339844 0.100586 0.076172
12 0.467285 0.719238 0.055664 0.053711
6 0.664062 0.294922 0.044922 0.044922
0 0.821289 0.545898 0.134766 0.064453
9 0.195801 0.541504 0.063477 0.063477
11 0.430176 0.170410 0.133789 0.055664
9 0.093262 0.112793 0.049805 0.049805
5 0.905762 0.675293 0.047852 0.047852