11 0.219238 0.515625 0.153320 0.076172
3 0.270020 0.872559 0.049805 0.049805
12 0.100586 0.353516 0.058594 0.078125
10 0.781250 0.798828 0.062500 0.062500
2 0.617676 0.254395 0.045898 0.045898
11 0.298340 0.708008 0.120117 0.064453
12 0.782715 0.713379 0.043945 0.073242
11 0.270996 0.108398 0.135742 0.058594
11 0.476074 0.232910 0.096680 0.075195
3 0.604004 0.353027 0.043945 0.043945
0 0.738281 0.291016 0.144531 0.066406
5 0.750977 0.900391 0.050781 0.050781
11 0.461426 0.561523 0.124023 0.078125
5 0.527832 0.413574 0.043945 0.043945