7 0.335938 0.726562 0.035156 0.035156
12 0.681641 0.638184 0.048828 0.057617
8 0.303711 0.465820 0.050781 0.050781
12 0.270020 0.124023 0.067383 0.048828
8 0.145996 0.715332 0.043945 0.043945
9 0.202637 0.819824 0.043945 0.043945
12 0.163574 0.331055 0.041992 0.076172
11 0.238770 0.643066 0.104492 0.061523
0 0.621582 0.771484 0.149414 0.072266
3 0.460449 0.189941 0.051758 0.051758
0 0.480957 0.514160 0.143555 0.069336
8 0.616699 0.117676 0.059570 0.059570
12 0.696777 0.305664 0.063477 0.066406
9 0.799805 0.543945 0.054688 0.054688
7 0.881348 0.749512 0.034180 0.034180