1 0.833496 0.519043 0.176758 0.049805
1 0.628418 0.875488 0.190430 0.063477
9 0.350586 0.669922 0.058594 0.058594
1 0.395020 0.361328 0.133789 0.058594
1 0.262207 0.771484 0.120117 0.048828
5 0.343750 0.118164 0.041016 0.041016
6 0.598145 0.374512 0.045898 0.045898
0 0.859375 0.280273 0.140625 0.064453
0 0.217773 0.446777 0.115234 0.086914
3 0.715820 0.258789 0.048828 0.048828
4 0.131836 0.812500 0.046875 0.046875
1 0.559570 0.266113 0.136719 0.063477
0 0.545410 0.466797 0.125977 0.083984
8 0.693848 0.112793 0.040039 0.040039