0 0.734375 0.751465 0.126953 0.090820
4 0.520508 0.107422 0.035156 0.035156
3 0.158691 0.620605 0.053711 0.053711
2 0.544434 0.377441 0.041992 0.041992
11 0.562988 0.775879 0.147461 0.071289
7 0.474609 0.234375 0.048828 0.048828
0 0.194336 0.283691 0.193359 0.088867
0 0.405762 0.607422 0.153320 0.058594
11 0.320801 0.698730 0.124023 0.071289
7 0.381348 0.796387 0.049805 0.049805
0 0.702148 0.454590 0.152344 0.077148
11 0.736328 0.610840 0.128906 0.069336
12 0.625488 0.698242 0.057617 0.050781
10 0.090820 0.893555 0.062500 0.062500
0 0.751953 0.283203 0.117188 0.074219
11 0.391602 0.475586 0.087891 0.070312
11 0.266113 0.854004 0.120117 0.053711