0 0.707520 0.683105 0.182617 0.069336
11 0.488770 0.363770 0.151367 0.053711
12 0.252441 0.250000 0.059570 0.076172
11 0.769531 0.892090 0.115234 0.067383
0 0.340332 0.842285 0.174805 0.092773
11 0.214844 0.152344 0.128906 0.052734
12 0.352539 0.077637 0.052734 0.055664
9 0.632324 0.474121 0.049805 0.049805
2 0.207520 0.732910 0.045898 0.045898
8 0.096191 0.144043 0.057617 0.057617
0 0.576172 0.810547 0.187500 0.074219
12 0.698242 0.358398 0.054688 0.058594
12 0.832031 0.478516 0.064453 0.066406
12 0.682129 0.247559 0.051758 0.071289
10 0.134277 0.333496 0.043945 0.043945