0 0.732910 0.478516 0.192383 0.095703
0 0.193848 0.893555 0.184570 0.074219
0 0.744141 0.213379 0.166016 0.081055
12 0.504883 0.426270 0.064453 0.055664
12 0.238770 0.106445 0.049805 0.074219
11 0.775879 0.839355 0.137695 0.053711
12 0.440918 0.544434 0.041992 0.071289
0 0.356934 0.321289 0.180664 0.085938
11 0.384277 0.804199 0.104492 0.067383
11 0.876953 0.377441 0.128906 0.059570
0 0.593750 0.677246 0.136719 0.086914
8 0.148926 0.635254 0.053711 0.053711
0 0.802734 0.622070 0.128906 0.064453
12 0.616699 0.916016 0.043945 0.060547
12 0.106934 0.153809 0.041992 0.055664