0 0.155762 0.791504 0.190430 0.081055
8 0.085449 0.263184 0.047852 0.047852
11 0.439941 0.162598 0.104492 0.049805
12 0.244141 0.311523 0.041016 0.076172
12 0.751953 0.473145 0.042969 0.073242
11 0.516113 0.306152 0.116211 0.069336
7 0.660156 0.853516 0.044922 0.044922
9 0.609375 0.495117 0.044922 0.044922
6 0.268555 0.680664 0.035156 0.035156
11 0.641113 0.242188 0.094727 0.058594
3 0.298828 0.500977 0.035156 0.035156
10 0.488770 0.391113 0.057617 0.057617
11 0.368652 0.367188 0.094727 0.056641
8 0.315430 0.764648 0.060547 0.060547