8 0.484375 0.291992 0.046875 0.046875
10 0.812500 0.222656 0.046875 0.046875
3 0.724609 0.516602 0.031250 0.031250
0 0.281738 0.810547 0.112305 0.064453
9 0.686035 0.350098 0.055664 0.055664
0 0.647461 0.209473 0.164062 0.077148
0 0.826172 0.819824 0.148438 0.075195
2 0.332520 0.197754 0.030273 0.030273
0 0.497070 0.864258 0.166016 0.058594
0 0.332520 0.617188 0.124023 0.068359
7 0.469727 0.419922 0.046875 0.046875
0 0.479980 0.746582 0.106445 0.073242
1 0.714844 0.680176 0.148438 0.075195
5 0.715820 0.068359 0.033203 0.033203