2 0.662598 0.333496 0.049805 0.049805
10 0.926758 0.567383 0.044922 0.044922
0 0.367188 0.860352 0.181641 0.066406
11 0.603516 0.505371 0.156250 0.075195
0 0.833008 0.384277 0.128906 0.059570
11 0.271484 0.361816 0.138672 0.067383
11 0.141113 0.602539 0.108398 0.058594
0 0.402832 0.729004 0.118164 0.061523
12 0.477539 0.254395 0.048828 0.061523
5 0.359863 0.646973 0.045898 0.045898
8 0.881836 0.296875 0.050781 0.050781
0 0.770508 0.510742 0.134766 0.068359
6 0.231934 0.212402 0.040039 0.040039
12 0.419922 0.477539 0.066406 0.052734
12 0.333984 0.454590 0.046875 0.071289
10 0.351074 0.255371 0.043945 0.043945
12 0.211914 0.489258 0.062500 0.066406
0 0.746094 0.142090 0.162109 0.059570