11 0.409180 0.243164 0.132812 0.052734
0 0.454102 0.840820 0.171875 0.076172
10 0.325195 0.643555 0.046875 0.046875
0 0.766113 0.739258 0.151367 0.072266
11 0.104004 0.290527 0.110352 0.065430
11 0.522949 0.451660 0.116211 0.061523
11 0.547852 0.315918 0.152344 0.053711
6 0.506836 0.540039 0.042969 0.042969
9 0.683105 0.163574 0.059570 0.059570
11 0.125977 0.423828 0.152344 0.066406
0 0.689941 0.403809 0.153320 0.077148
0 0.494629 0.696777 0.190430 0.063477
9 0.776855 0.234863 0.051758 0.051758
0 0.229980 0.200684 0.159180 0.075195