9 0.128906 0.817383 0.041016 0.041016
8 0.892578 0.862305 0.056641 0.056641
10 0.713379 0.891113 0.057617 0.057617
0 0.475586 0.786621 0.125000 0.086914
10 0.493164 0.329102 0.041016 0.041016
0 0.304688 0.311523 0.130859 0.082031
1 0.799316 0.443848 0.174805 0.073242
2 0.571777 0.895020 0.036133 0.036133
0 0.326660 0.495605 0.098633 0.071289
7 0.492188 0.102539 0.044922 0.044922
5 0.246582 0.636230 0.045898 0.045898
0 0.321289 0.756836 0.126953 0.074219
0 0.758789 0.139160 0.169922 0.061523
9 0.393555 0.653320 0.046875 0.046875