1 0.571777 0.896484 0.100586 0.054688
8 0.756348 0.868652 0.055664 0.055664
7 0.142578 0.885742 0.035156 0.035156
1 0.756836 0.153809 0.140625 0.053711
1 0.695312 0.490723 0.154297 0.063477
2 0.472656 0.918945 0.031250 0.031250
1 0.252930 0.121094 0.097656 0.066406
4 0.191895 0.514160 0.043945 0.043945
10 0.822754 0.350098 0.047852 0.047852
0 0.254883 0.419434 0.101562 0.069336
1 0.785645 0.618164 0.110352 0.048828
6 0.246094 0.236328 0.033203 0.033203
10 0.634277 0.298340 0.043945 0.043945
9 0.636719 0.209961 0.046875 0.046875
1 0.189453 0.615234 0.167969 0.074219