1 0.151367 0.839355 0.162109 0.063477
7 0.591309 0.375488 0.040039 0.040039
1 0.550293 0.564941 0.194336 0.077148
4 0.766602 0.659180 0.035156 0.035156
10 0.366699 0.401855 0.047852 0.047852
0 0.330078 0.281738 0.128906 0.055664
0 0.822266 0.472656 0.152344 0.068359
1 0.776367 0.756348 0.097656 0.051758
1 0.640625 0.859863 0.123047 0.067383
0 0.347168 0.574219 0.120117 0.078125
4 0.581543 0.109863 0.032227 0.032227
8 0.737305 0.311523 0.050781 0.050781
0 0.160156 0.508301 0.107422 0.051758
1 0.432129 0.837891 0.180664 0.060547
1 0.802734 0.572754 0.150391 0.061523