6 0.787109 0.667969 0.048828 0.048828
0 0.486328 0.281250 0.156250 0.080078
0 0.291504 0.797852 0.133789 0.072266
0 0.393555 0.166504 0.103516 0.069336
4 0.447266 0.581055 0.031250 0.031250
10 0.684082 0.222168 0.041992 0.041992
0 0.559082 0.394043 0.118164 0.061523
5 0.291504 0.237793 0.034180 0.034180
1 0.749512 0.338867 0.143555 0.070312
4 0.256836 0.178711 0.039062 0.039062
9 0.519043 0.158691 0.047852 0.047852
1 0.840820 0.891602 0.097656 0.054688
3 0.180176 0.130371 0.045898 0.045898
1 0.185059 0.256348 0.137695 0.049805