12 0.917969 0.705078 0.064453 0.048828
8 0.246582 0.448730 0.047852 0.047852
5 0.491211 0.484375 0.041016 0.041016
10 0.725586 0.459961 0.050781 0.050781
12 0.462891 0.629883 0.041016 0.060547
9 0.189941 0.192871 0.061523 0.061523
12 0.822266 0.421387 0.064453 0.063477
11 0.349121 0.564453 0.155273 0.058594
0 0.588379 0.303223 0.178711 0.096680
4 0.669434 0.666504 0.036133 0.036133
12 0.125977 0.650879 0.041016 0.063477
9 0.281738 0.114746 0.053711 0.053711
12 0.795898 0.178711 0.058594 0.054688
8 0.829102 0.280273 0.060547 0.060547
8 0.754395 0.294434 0.055664 0.055664