10 0.600586 0.327148 0.052734 0.052734
0 0.289062 0.744141 0.148438 0.082031
8 0.572754 0.569824 0.061523 0.061523
4 0.701172 0.072266 0.037109 0.037109
12 0.215820 0.643555 0.050781 0.050781
11 0.603027 0.217285 0.112305 0.067383
11 0.645020 0.875000 0.139648 0.066406
12 0.875977 0.593262 0.041016 0.057617
0 0.276855 0.212402 0.118164 0.069336
11 0.336426 0.646973 0.110352 0.055664
8 0.384277 0.251465 0.057617 0.057617
12 0.418457 0.525391 0.049805 0.054688
9 0.122559 0.125488 0.055664 0.055664
12 0.448730 0.631348 0.053711 0.061523
12 0.854004 0.739746 0.051758 0.057617