11 0.500488 0.394531 0.153320 0.076172
11 0.742188 0.645020 0.115234 0.071289
12 0.558105 0.479004 0.053711 0.051758
0 0.305664 0.319824 0.183594 0.077148
0 0.263184 0.085449 0.155273 0.061523
11 0.611328 0.213867 0.132812 0.076172
11 0.462402 0.789062 0.098633 0.054688
7 0.104004 0.450684 0.053711 0.053711
0 0.410645 0.573730 0.125977 0.086914
0 0.144043 0.690430 0.172852 0.082031
0 0.538086 0.907715 0.193359 0.073242
11 0.733398 0.760742 0.154297 0.070312
11 0.141113 0.607910 0.143555 0.051758
7 0.889648 0.713867 0.050781 0.050781
5 0.157715 0.776855 0.036133 0.036133