2 0.505859 0.182617 0.044922 0.044922
1 0.116699 0.125488 0.133789 0.073242
3 0.456543 0.762207 0.034180 0.034180
1 0.402344 0.561523 0.167969 0.052734
0 0.433105 0.861816 0.174805 0.049805
9 0.749512 0.406738 0.047852 0.047852
0 0.393555 0.374023 0.158203 0.085938
8 0.602051 0.263184 0.043945 0.043945
0 0.316895 0.687500 0.112305 0.083984
1 0.628418 0.583008 0.135742 0.068359
8 0.653809 0.105957 0.051758 0.051758
0 0.297363 0.266113 0.159180 0.083008
5 0.600586 0.502930 0.039062 0.039062
10 0.763672 0.335938 0.046875 0.046875