0 0.120605 0.549316 0.137695 0.088867
6 0.810547 0.157227 0.044922 0.044922
12 0.486328 0.244141 0.060547 0.078125
6 0.597168 0.908691 0.049805 0.049805
11 0.741699 0.490723 0.110352 0.067383
8 0.809570 0.365234 0.048828 0.048828
11 0.632812 0.251465 0.109375 0.065430
10 0.213867 0.728516 0.052734 0.052734
12 0.294434 0.910645 0.057617 0.051758
9 0.126953 0.197266 0.044922 0.044922
0 0.291992 0.628906 0.150391 0.074219
11 0.402832 0.916992 0.090820 0.066406
11 0.331055 0.746582 0.126953 0.073242