4 0.881348 0.383301 0.047852 0.047852
1 0.748047 0.762207 0.164062 0.073242
10 0.359375 0.534180 0.058594 0.058594
0 0.291992 0.259766 0.173828 0.054688
1 0.364746 0.118164 0.168945 0.072266
7 0.093262 0.664551 0.040039 0.040039
9 0.145508 0.764648 0.042969 0.042969
6 0.585938 0.473633 0.048828 0.048828
0 0.608887 0.226074 0.163086 0.086914
10 0.566895 0.589355 0.049805 0.049805
5 0.280762 0.369629 0.032227 0.032227
0 0.653320 0.105469 0.173828 0.062500
1 0.440918 0.791992 0.100586 0.058594
1 0.793457 0.624023 0.131836 0.060547