12 0.100098 0.861328 0.049805 0.062500
12 0.359863 0.178711 0.067383 0.074219
12 0.316895 0.376953 0.053711 0.068359
11 0.679688 0.702637 0.115234 0.049805
12 0.460449 0.296875 0.045898 0.054688
9 0.273926 0.589355 0.047852 0.047852
12 0.255859 0.903320 0.060547 0.056641
8 0.554199 0.090332 0.061523 0.061523
12 0.668945 0.334961 0.068359 0.050781
6 0.655273 0.879883 0.042969 0.042969
8 0.563477 0.638672 0.054688 0.054688
12 0.230469 0.406738 0.044922 0.065430
8 0.105957 0.438965 0.061523 0.061523
12 0.355469 0.495605 0.039062 0.057617
12 0.217285 0.187500 0.057617 0.074219
0 0.831055 0.379395 0.167969 0.077148
12 0.190918 0.600586 0.067383 0.056641
12 0.487305 0.221191 0.050781 0.059570