5 0.318848 0.900879 0.043945 0.043945
12 0.427734 0.202637 0.056641 0.055664
9 0.413086 0.704102 0.050781 0.050781
8 0.225098 0.437988 0.061523 0.061523
6 0.633301 0.845215 0.049805 0.049805
11 0.164062 0.235352 0.121094 0.076172
0 0.769531 0.532715 0.171875 0.084961
11 0.859375 0.233398 0.138672 0.068359
11 0.756348 0.809570 0.092773 0.060547
11 0.702637 0.399414 0.143555 0.072266
11 0.690430 0.621094 0.134766 0.060547
0 0.430664 0.541504 0.179688 0.067383
0 0.488770 0.378418 0.125977 0.061523
0 0.609375 0.206055 0.191406 0.097656