12 0.875977 0.140625 0.048828 0.052734
11 0.719238 0.232910 0.118164 0.073242
12 0.239746 0.209473 0.051758 0.055664
12 0.889648 0.373047 0.054688 0.062500
0 0.402832 0.898438 0.182617 0.066406
0 0.200684 0.897461 0.153320 0.095703
0 0.434082 0.572266 0.168945 0.074219
8 0.735352 0.533203 0.060547 0.060547
12 0.225586 0.539551 0.062500 0.049805
12 0.890625 0.234863 0.050781 0.069336
0 0.278320 0.101562 0.173828 0.097656
0 0.483398 0.244141 0.134766 0.097656
2 0.676270 0.674316 0.045898 0.045898
11 0.596680 0.413086 0.107422 0.074219