12 0.661621 0.546387 0.063477 0.057617
0 0.187500 0.492188 0.119141 0.093750
0 0.822754 0.771484 0.170898 0.095703
10 0.125488 0.735840 0.057617 0.057617
12 0.188965 0.309570 0.059570 0.052734
11 0.236816 0.788574 0.122070 0.067383
2 0.547363 0.157715 0.047852 0.047852
0 0.664062 0.654297 0.142578 0.070312
11 0.752441 0.421387 0.137695 0.071289
3 0.218262 0.124512 0.043945 0.043945
11 0.338379 0.545898 0.112305 0.078125
3 0.737305 0.125977 0.052734 0.052734
11 0.781250 0.301758 0.156250 0.062500
3 0.446777 0.869629 0.041992 0.041992