12 0.647461 0.856445 0.068359 0.050781
6 0.324707 0.581543 0.038086 0.038086
11 0.615234 0.091797 0.117188 0.052734
12 0.157227 0.391113 0.039062 0.067383
12 0.200195 0.900879 0.064453 0.053711
8 0.745117 0.443359 0.048828 0.048828
0 0.616211 0.178711 0.162109 0.060547
12 0.812500 0.819824 0.060547 0.073242
0 0.133789 0.604492 0.136719 0.064453
0 0.367676 0.766602 0.159180 0.058594
11 0.662598 0.923828 0.153320 0.048828
11 0.544922 0.351562 0.119141 0.068359
11 0.396484 0.346680 0.132812 0.076172
12 0.651855 0.428223 0.055664 0.073242
7 0.886230 0.695801 0.045898 0.045898
6 0.675293 0.571777 0.034180 0.034180