0 0.289551 0.106445 0.178711 0.082031
2 0.351562 0.624023 0.044922 0.044922
10 0.107422 0.434570 0.050781 0.050781
12 0.457520 0.763672 0.055664 0.076172
6 0.749023 0.152344 0.048828 0.048828
12 0.781738 0.699707 0.065430 0.055664
12 0.879883 0.562988 0.050781 0.073242
0 0.458496 0.887695 0.131836 0.095703
11 0.806641 0.811523 0.142578 0.068359
2 0.237793 0.285645 0.036133 0.036133
0 0.333984 0.510742 0.177734 0.093750
0 0.624023 0.354980 0.148438 0.075195
5 0.080566 0.745605 0.045898 0.045898
11 0.632812 0.856445 0.113281 0.050781
2 0.581543 0.070801 0.041992 0.041992