10 0.426758 0.458008 0.046875 0.046875
11 0.467285 0.864746 0.100586 0.061523
0 0.798340 0.460449 0.172852 0.061523
12 0.175781 0.278809 0.048828 0.077148
2 0.518066 0.692871 0.041992 0.041992
12 0.277344 0.632812 0.041016 0.054688
11 0.600586 0.850098 0.095703 0.049805
9 0.906738 0.808105 0.063477 0.063477
0 0.751953 0.230957 0.189453 0.081055
0 0.456543 0.257812 0.151367 0.095703
4 0.661133 0.320312 0.042969 0.042969
0 0.638672 0.545410 0.152344 0.077148
12 0.877930 0.627441 0.041016 0.067383
9 0.326172 0.444336 0.046875 0.046875
11 0.300781 0.839355 0.113281 0.077148
10 0.109863 0.360840 0.047852 0.047852
11 0.467773 0.791992 0.087891 0.050781
0 0.749512 0.124512 0.129883 0.090820