1 0.756836 0.252441 0.107422 0.055664
1 0.209473 0.188965 0.153320 0.053711
8 0.368652 0.826660 0.043945 0.043945
0 0.728027 0.700195 0.159180 0.074219
1 0.392090 0.470215 0.141602 0.075195
1 0.247070 0.303711 0.107422 0.060547
8 0.270996 0.431152 0.055664 0.055664
0 0.804199 0.344727 0.104492 0.060547
5 0.182129 0.881348 0.032227 0.032227
0 0.850586 0.853027 0.123047 0.071289
1 0.530273 0.782227 0.140625 0.070312
9 0.819336 0.577148 0.039062 0.039062
0 0.563965 0.508789 0.135742 0.068359
0 0.619629 0.196777 0.114258 0.086914
0 0.407715 0.251465 0.124023 0.084961