3 0.738770 0.911621 0.041992 0.041992
5 0.206055 0.569336 0.048828 0.048828
1 0.135742 0.117188 0.173828 0.078125
10 0.441895 0.563965 0.041992 0.041992
4 0.273438 0.264648 0.031250 0.031250
9 0.301270 0.643066 0.049805 0.049805
0 0.618164 0.318359 0.166016 0.066406
0 0.854004 0.557129 0.114258 0.073242
0 0.722168 0.697754 0.166992 0.083008
8 0.359375 0.358398 0.041016 0.041016
9 0.659180 0.866211 0.058594 0.058594
7 0.206543 0.425293 0.030273 0.030273
0 0.546875 0.113770 0.111328 0.053711
0 0.698242 0.136230 0.144531 0.084961