4 0.333008 0.218750 0.041016 0.041016
0 0.577637 0.268555 0.170898 0.062500
11 0.736328 0.698242 0.148438 0.052734
12 0.384277 0.530273 0.041992 0.066406
11 0.386230 0.668457 0.092773 0.077148
12 0.521484 0.662598 0.062500 0.055664
2 0.360352 0.869141 0.048828 0.048828
0 0.781738 0.104492 0.180664 0.083984
5 0.916016 0.334961 0.052734 0.052734
0 0.549805 0.760254 0.177734 0.063477
0 0.300293 0.382812 0.184570 0.085938
11 0.513672 0.556641 0.144531 0.050781
12 0.821777 0.558594 0.061523 0.056641
0 0.185059 0.791992 0.139648 0.074219
0 0.133789 0.665039 0.146484 0.072266
11 0.779785 0.330078 0.124023 0.056641
10 0.905762 0.788574 0.059570 0.059570