6 0.078125 0.278320 0.033203 0.033203
0 0.463867 0.201172 0.138672 0.048828
10 0.640625 0.776367 0.050781 0.050781
9 0.724121 0.588379 0.057617 0.057617
9 0.392090 0.115723 0.043945 0.043945
0 0.873047 0.828613 0.125000 0.065430
0 0.291016 0.416016 0.148438 0.054688
10 0.340820 0.523438 0.052734 0.052734
0 0.224121 0.869629 0.141602 0.084961
8 0.922852 0.257812 0.056641 0.056641
7 0.546387 0.861816 0.030273 0.030273
0 0.859375 0.506836 0.150391 0.087891
1 0.155762 0.769531 0.125977 0.052734
6 0.523438 0.666016 0.044922 0.044922