9 0.711914 0.232422 0.054688 0.054688
7 0.866211 0.128906 0.041016 0.041016
7 0.508789 0.804688 0.042969 0.042969
12 0.219727 0.381348 0.058594 0.077148
0 0.413086 0.235352 0.158203 0.085938
11 0.396484 0.635742 0.097656 0.074219
0 0.454102 0.507324 0.119141 0.069336
12 0.798828 0.261719 0.056641 0.062500
4 0.571289 0.230469 0.042969 0.042969
12 0.883301 0.736816 0.040039 0.063477
3 0.278320 0.605469 0.044922 0.044922
11 0.725098 0.438477 0.100586 0.074219
12 0.590332 0.901367 0.047852 0.052734
0 0.132812 0.132324 0.142578 0.077148
0 0.717773 0.674316 0.152344 0.092773
11 0.409180 0.108887 0.142578 0.069336