1 0.631836 0.266602 0.162109 0.066406
1 0.778320 0.787109 0.162109 0.070312
8 0.251465 0.648926 0.040039 0.040039
1 0.797852 0.114746 0.138672 0.049805
10 0.165039 0.442383 0.050781 0.050781
1 0.482910 0.590332 0.131836 0.077148
1 0.389160 0.235352 0.180664 0.056641
1 0.816406 0.262207 0.136719 0.053711
1 0.682129 0.472168 0.143555 0.067383
8 0.879883 0.440430 0.058594 0.058594
10 0.517578 0.763672 0.042969 0.042969
9 0.762207 0.914551 0.043945 0.043945
8 0.648926 0.916504 0.057617 0.057617
0 0.262695 0.535645 0.169922 0.075195
2 0.421387 0.337402 0.038086 0.038086