8 0.340820 0.176758 0.052734 0.052734
10 0.558594 0.315430 0.041016 0.041016
9 0.200195 0.229492 0.050781 0.050781
8 0.519043 0.709473 0.045898 0.045898
0 0.820312 0.715820 0.146484 0.080078
4 0.430176 0.640137 0.036133 0.036133
10 0.886719 0.108398 0.056641 0.056641
3 0.671387 0.283691 0.041992 0.041992
1 0.200195 0.807129 0.152344 0.057617
0 0.522949 0.528809 0.131836 0.065430
9 0.704102 0.410156 0.050781 0.050781
9 0.779297 0.265625 0.050781 0.050781
4 0.787109 0.909180 0.039062 0.039062
0 0.467285 0.351074 0.100586 0.086914
7 0.765625 0.084961 0.042969 0.042969