1 0.758301 0.501465 0.122070 0.061523
0 0.672852 0.728027 0.130859 0.065430
8 0.165039 0.569336 0.046875 0.046875
5 0.683594 0.093750 0.044922 0.044922
1 0.449219 0.361816 0.185547 0.071289
7 0.638184 0.301270 0.036133 0.036133
5 0.653809 0.495605 0.041992 0.041992
7 0.426270 0.170410 0.030273 0.030273
1 0.331055 0.914551 0.132812 0.057617
1 0.842773 0.705566 0.146484 0.065430
10 0.920898 0.484375 0.048828 0.048828
1 0.455078 0.673340 0.128906 0.075195
6 0.767578 0.849609 0.048828 0.048828
0 0.827148 0.279785 0.150391 0.086914
0 0.225586 0.422852 0.138672 0.050781