3 0.668945 0.484375 0.041016 0.041016
7 0.208008 0.357422 0.050781 0.050781
6 0.654297 0.842773 0.046875 0.046875
12 0.359863 0.244629 0.055664 0.057617
12 0.730957 0.213867 0.067383 0.078125
8 0.612793 0.754395 0.051758 0.051758
10 0.921875 0.371094 0.046875 0.046875
11 0.863281 0.462891 0.097656 0.048828
12 0.480469 0.212402 0.039062 0.059570
11 0.612793 0.602051 0.125977 0.053711
0 0.599609 0.360352 0.132812 0.089844
12 0.515625 0.730469 0.041016 0.072266
10 0.320312 0.166992 0.062500 0.062500
4 0.725586 0.900391 0.046875 0.046875
9 0.478027 0.426270 0.061523 0.061523
10 0.323242 0.529297 0.054688 0.054688