0 0.751465 0.736328 0.145508 0.064453
8 0.079102 0.666992 0.048828 0.048828
8 0.348633 0.587891 0.046875 0.046875
6 0.630371 0.486816 0.045898 0.045898
12 0.315918 0.243652 0.051758 0.053711
0 0.620117 0.371582 0.121094 0.086914
0 0.140625 0.759277 0.117188 0.083008
7 0.492676 0.248535 0.047852 0.047852
5 0.788574 0.485840 0.034180 0.034180
6 0.552246 0.468262 0.036133 0.036133
0 0.332031 0.372070 0.134766 0.085938
0 0.712402 0.875000 0.122070 0.089844
0 0.787109 0.112305 0.123047 0.072266
11 0.847168 0.625488 0.090820 0.077148
11 0.202637 0.095215 0.112305 0.075195