3 0.781250 0.093750 0.039062 0.039062
5 0.713379 0.564941 0.036133 0.036133
9 0.094727 0.163086 0.058594 0.058594
5 0.277344 0.300781 0.044922 0.044922
7 0.536621 0.138184 0.053711 0.053711
0 0.241211 0.715820 0.166016 0.062500
10 0.480957 0.597168 0.047852 0.047852
11 0.132812 0.444336 0.121094 0.056641
0 0.520508 0.279297 0.177734 0.062500
10 0.728516 0.407227 0.050781 0.050781
11 0.744629 0.258789 0.133789 0.074219
8 0.097168 0.585449 0.047852 0.047852
12 0.890625 0.601074 0.058594 0.055664
11 0.556641 0.801758 0.128906 0.064453
10 0.902344 0.690430 0.054688 0.054688
0 0.749023 0.827148 0.132812 0.074219
11 0.299805 0.552734 0.105469 0.058594