11 0.845215 0.907227 0.141602 0.066406
8 0.532227 0.663086 0.046875 0.046875
9 0.551758 0.592773 0.050781 0.050781
0 0.590820 0.753418 0.146484 0.077148
12 0.311523 0.223145 0.060547 0.055664
11 0.497070 0.370605 0.134766 0.057617
4 0.515625 0.202148 0.052734 0.052734
7 0.336426 0.770996 0.045898 0.045898
9 0.096680 0.197266 0.044922 0.044922
4 0.123535 0.332520 0.034180 0.034180
7 0.194824 0.238770 0.036133 0.036133
10 0.234375 0.762695 0.052734 0.052734
5 0.241699 0.485840 0.040039 0.040039
6 0.385254 0.375488 0.041992 0.041992
10 0.423828 0.284180 0.062500 0.062500
10 0.558105 0.500488 0.055664 0.055664
11 0.660156 0.487793 0.109375 0.051758