12 0.503906 0.298340 0.056641 0.075195
11 0.245117 0.479980 0.121094 0.075195
12 0.129395 0.184570 0.059570 0.064453
12 0.230469 0.361816 0.066406 0.077148
0 0.292969 0.597656 0.148438 0.095703
11 0.494141 0.215820 0.123047 0.050781
11 0.704590 0.431641 0.108398 0.072266
0 0.752441 0.262207 0.168945 0.094727
2 0.738281 0.741211 0.039062 0.039062
11 0.553711 0.583496 0.125000 0.077148
0 0.309570 0.198730 0.130859 0.073242
11 0.270020 0.857422 0.151367 0.052734
8 0.102539 0.099609 0.058594 0.058594
8 0.872070 0.582031 0.054688 0.054688
2 0.425293 0.354980 0.036133 0.036133
10 0.466309 0.741699 0.061523 0.061523