3 0.273438 0.256836 0.042969 0.042969
12 0.119629 0.239258 0.043945 0.062500
8 0.120117 0.609375 0.056641 0.056641
5 0.665039 0.404297 0.035156 0.035156
9 0.331543 0.484863 0.063477 0.063477
12 0.791992 0.698242 0.042969 0.054688
8 0.154785 0.138184 0.057617 0.057617
11 0.754883 0.289551 0.123047 0.067383
11 0.650391 0.475586 0.123047 0.068359
11 0.239258 0.623535 0.150391 0.057617
11 0.640625 0.580078 0.117188 0.072266
4 0.151855 0.538574 0.047852 0.047852
5 0.285645 0.881348 0.045898 0.045898
2 0.198730 0.822754 0.043945 0.043945