10 0.812500 0.118164 0.039062 0.039062
6 0.109375 0.695312 0.042969 0.042969
0 0.303711 0.513184 0.171875 0.086914
1 0.265625 0.312988 0.169922 0.051758
3 0.826660 0.909668 0.041992 0.041992
1 0.258789 0.110352 0.136719 0.062500
9 0.270508 0.762695 0.048828 0.048828
0 0.772949 0.703125 0.151367 0.066406
6 0.562012 0.498535 0.034180 0.034180
4 0.919434 0.595215 0.034180 0.034180
1 0.699219 0.569824 0.160156 0.067383
0 0.432617 0.085938 0.152344 0.060547
1 0.264648 0.898438 0.134766 0.078125
1 0.435059 0.230469 0.145508 0.050781
9 0.604004 0.369629 0.043945 0.043945