0 0.146484 0.778809 0.146484 0.077148
12 0.699219 0.286133 0.064453 0.058594
3 0.889648 0.383789 0.048828 0.048828
11 0.885254 0.752441 0.120117 0.057617
0 0.559082 0.846680 0.159180 0.064453
0 0.785156 0.192383 0.195312 0.078125
11 0.481934 0.422852 0.145508 0.078125
0 0.346191 0.630371 0.141602 0.081055
4 0.596191 0.667480 0.038086 0.038086
8 0.471191 0.753418 0.063477 0.063477
11 0.670898 0.437012 0.150391 0.071289
11 0.583496 0.277832 0.100586 0.075195
12 0.139160 0.869629 0.061523 0.063477
10 0.358887 0.209473 0.061523 0.061523
0 0.205566 0.350098 0.137695 0.059570
12 0.813965 0.571289 0.047852 0.054688
6 0.509766 0.545898 0.050781 0.050781