0 0.317871 0.742676 0.122070 0.063477
8 0.854980 0.354980 0.049805 0.049805
10 0.281738 0.479004 0.057617 0.057617
6 0.640137 0.672363 0.036133 0.036133
9 0.839844 0.526367 0.044922 0.044922
0 0.689453 0.500000 0.123047 0.080078
0 0.772461 0.137207 0.144531 0.081055
0 0.598145 0.163574 0.131836 0.084961
0 0.857910 0.741699 0.157227 0.083008
7 0.551758 0.674805 0.042969 0.042969
6 0.520020 0.835449 0.030273 0.030273
0 0.203125 0.560547 0.109375 0.064453
1 0.337891 0.288086 0.138672 0.052734
3 0.128418 0.360840 0.041992 0.041992
0 0.788574 0.627930 0.165039 0.080078