6 0.758789 0.458008 0.042969 0.042969
11 0.262207 0.510254 0.088867 0.077148
0 0.216797 0.259766 0.148438 0.076172
0 0.661133 0.229004 0.126953 0.088867
12 0.297852 0.896484 0.052734 0.060547
12 0.166016 0.512207 0.044922 0.061523
9 0.418457 0.560059 0.043945 0.043945
6 0.798828 0.536133 0.046875 0.046875
0 0.515625 0.356934 0.125000 0.071289
2 0.885254 0.637207 0.041992 0.041992
0 0.846191 0.277344 0.190430 0.089844
10 0.439941 0.719238 0.063477 0.063477
12 0.134277 0.768555 0.053711 0.052734
2 0.312012 0.722168 0.053711 0.053711
4 0.496582 0.879395 0.043945 0.043945