0 0.755371 0.445801 0.151367 0.088867
9 0.799316 0.187988 0.051758 0.051758
8 0.416016 0.882812 0.052734 0.052734
12 0.069824 0.669434 0.040039 0.073242
2 0.360352 0.546875 0.039062 0.039062
9 0.808105 0.326660 0.049805 0.049805
12 0.457520 0.518066 0.047852 0.069336
12 0.165527 0.482422 0.041992 0.064453
12 0.898438 0.507812 0.042969 0.070312
11 0.370605 0.804199 0.125977 0.067383
0 0.451660 0.153809 0.159180 0.069336
0 0.156250 0.841309 0.156250 0.067383
0 0.640625 0.742676 0.164062 0.063477
6 0.676758 0.834961 0.039062 0.039062
10 0.299316 0.183105 0.053711 0.053711
8 0.230957 0.099121 0.055664 0.055664