11 0.228027 0.857422 0.125977 0.056641
0 0.315430 0.667969 0.136719 0.074219
0 0.605957 0.204590 0.180664 0.092773
12 0.488281 0.097168 0.044922 0.063477
12 0.774902 0.455566 0.049805 0.063477
12 0.442871 0.201660 0.057617 0.051758
11 0.423828 0.426270 0.130859 0.061523
0 0.702148 0.619141 0.154297 0.060547
12 0.162598 0.433105 0.045898 0.049805
9 0.484863 0.670410 0.051758 0.051758
11 0.190430 0.303711 0.126953 0.048828
3 0.086426 0.912598 0.034180 0.034180
8 0.713867 0.346680 0.048828 0.048828