12 0.196777 0.129883 0.053711 0.064453
0 0.590332 0.344727 0.161133 0.060547
9 0.450684 0.545410 0.049805 0.049805
11 0.222656 0.700195 0.132812 0.076172
12 0.813477 0.458984 0.060547 0.050781
11 0.771484 0.735352 0.144531 0.078125
12 0.729980 0.243652 0.049805 0.067383
11 0.371094 0.415039 0.154297 0.048828
8 0.520996 0.901855 0.057617 0.057617
11 0.143555 0.857910 0.142578 0.061523
12 0.305176 0.325684 0.055664 0.075195
7 0.730957 0.092285 0.051758 0.051758
9 0.471680 0.118164 0.056641 0.056641
10 0.793945 0.345703 0.048828 0.048828