0 0.273438 0.251465 0.164062 0.077148
12 0.508789 0.562500 0.041016 0.070312
12 0.561523 0.413574 0.046875 0.049805
11 0.512695 0.265137 0.144531 0.063477
11 0.673828 0.675293 0.113281 0.059570
12 0.382812 0.438477 0.064453 0.076172
0 0.462402 0.875488 0.127930 0.059570
0 0.608398 0.828613 0.126953 0.094727
9 0.786133 0.146484 0.044922 0.044922
0 0.440918 0.723145 0.184570 0.075195
12 0.307617 0.109375 0.052734 0.064453
11 0.560059 0.102539 0.112305 0.060547
9 0.219238 0.114746 0.057617 0.057617
2 0.432617 0.617188 0.041016 0.041016