11 0.699707 0.617676 0.106445 0.075195
8 0.251465 0.562988 0.057617 0.057617
0 0.472168 0.831543 0.151367 0.075195
11 0.421387 0.364258 0.131836 0.076172
11 0.122559 0.237305 0.125977 0.062500
3 0.645508 0.879883 0.039062 0.039062
2 0.895508 0.630859 0.052734 0.052734
12 0.906738 0.473145 0.061523 0.075195
0 0.708984 0.125488 0.189453 0.071289
7 0.705566 0.348145 0.053711 0.053711
11 0.791016 0.213867 0.136719 0.058594
5 0.522461 0.649414 0.050781 0.050781
11 0.737793 0.721191 0.104492 0.059570
11 0.368652 0.509277 0.102539 0.065430