11 0.320801 0.488281 0.141602 0.058594
9 0.174316 0.805176 0.059570 0.059570
0 0.829102 0.182617 0.166016 0.062500
9 0.643066 0.743652 0.061523 0.061523
10 0.870605 0.889160 0.051758 0.051758
2 0.515137 0.606934 0.036133 0.036133
12 0.185547 0.087402 0.058594 0.051758
0 0.817383 0.742188 0.162109 0.064453
11 0.319336 0.873535 0.097656 0.077148
8 0.585449 0.427246 0.043945 0.043945
12 0.465332 0.474609 0.063477 0.066406
0 0.166992 0.357910 0.175781 0.075195
0 0.424316 0.706543 0.188477 0.084961
3 0.887695 0.552734 0.050781 0.050781