12 0.644043 0.745605 0.055664 0.059570
11 0.875488 0.854004 0.125977 0.073242
12 0.741699 0.769531 0.063477 0.078125
3 0.397461 0.535156 0.050781 0.050781
8 0.315918 0.316895 0.045898 0.045898
12 0.589844 0.475586 0.048828 0.072266
12 0.625977 0.842285 0.062500 0.053711
11 0.478027 0.337891 0.114258 0.076172
12 0.730469 0.504395 0.060547 0.059570
0 0.189453 0.383301 0.148438 0.081055
6 0.259277 0.232910 0.053711 0.053711
9 0.851074 0.078613 0.055664 0.055664
5 0.568359 0.583008 0.039062 0.039062
11 0.280273 0.881836 0.146484 0.058594
12 0.425293 0.208984 0.053711 0.050781