0 0.406250 0.341797 0.154297 0.097656
4 0.244629 0.396973 0.034180 0.034180
0 0.247070 0.824707 0.121094 0.071289
11 0.376465 0.149414 0.125977 0.070312
11 0.326660 0.482422 0.088867 0.050781
12 0.814941 0.656250 0.041992 0.074219
0 0.773926 0.233398 0.120117 0.064453
12 0.505371 0.895508 0.059570 0.078125
12 0.250000 0.595703 0.054688 0.074219
12 0.853027 0.090820 0.067383 0.052734
0 0.608887 0.534180 0.131836 0.068359
0 0.248535 0.717285 0.186523 0.084961
0 0.775879 0.349609 0.124023 0.089844
10 0.880859 0.835938 0.044922 0.044922
5 0.554199 0.171387 0.043945 0.043945
7 0.437012 0.901855 0.045898 0.045898
0 0.401855 0.562988 0.176758 0.069336