10 0.321289 0.147461 0.044922 0.044922
0 0.364746 0.770508 0.124023 0.072266
10 0.728027 0.519043 0.063477 0.063477
12 0.524414 0.719727 0.056641 0.062500
5 0.647949 0.889160 0.034180 0.034180
7 0.918945 0.743164 0.035156 0.035156
9 0.496094 0.165039 0.054688 0.054688
0 0.709961 0.729492 0.138672 0.082031
9 0.109863 0.252441 0.057617 0.057617
11 0.137207 0.674805 0.133789 0.058594
3 0.914551 0.390137 0.053711 0.053711
0 0.851562 0.871094 0.169922 0.089844
4 0.820801 0.583496 0.038086 0.038086
3 0.414062 0.476562 0.044922 0.044922
3 0.096191 0.362793 0.045898 0.045898
10 0.826172 0.118164 0.052734 0.052734
7 0.460938 0.396484 0.042969 0.042969