0 0.637695 0.653809 0.189453 0.086914
0 0.159668 0.764648 0.135742 0.093750
10 0.652832 0.105957 0.063477 0.063477
4 0.583008 0.547852 0.044922 0.044922
0 0.290527 0.324219 0.135742 0.066406
10 0.400879 0.223145 0.061523 0.061523
10 0.375977 0.924805 0.048828 0.048828
9 0.864746 0.735840 0.051758 0.051758
6 0.329102 0.526367 0.052734 0.052734
9 0.136719 0.305664 0.052734 0.052734
11 0.875488 0.269531 0.108398 0.068359
11 0.855469 0.639648 0.119141 0.056641
0 0.649414 0.234375 0.183594 0.080078
11 0.108887 0.529297 0.104492 0.060547
2 0.271484 0.664062 0.052734 0.052734
11 0.813965 0.150879 0.124023 0.055664
3 0.881348 0.413574 0.041992 0.041992
12 0.500977 0.219238 0.068359 0.049805