11 0.286621 0.712891 0.106445 0.058594
0 0.663574 0.718262 0.124023 0.092773
7 0.457520 0.767090 0.051758 0.051758
10 0.487793 0.565918 0.057617 0.057617
0 0.234863 0.193359 0.149414 0.066406
0 0.442383 0.201172 0.126953 0.095703
11 0.648438 0.351562 0.105469 0.048828
2 0.515137 0.325684 0.043945 0.043945
0 0.170898 0.352051 0.132812 0.077148
12 0.126465 0.557617 0.041992 0.072266
0 0.754395 0.459961 0.165039 0.062500
12 0.208984 0.462891 0.041016 0.072266
8 0.151367 0.844727 0.052734 0.052734
11 0.866211 0.765625 0.095703 0.056641
11 0.361816 0.513672 0.137695 0.054688
8 0.736816 0.604004 0.059570 0.059570
11 0.893066 0.181641 0.116211 0.076172