10 0.566406 0.273438 0.054688 0.054688
0 0.687988 0.447266 0.186523 0.076172
5 0.355957 0.211426 0.034180 0.034180
0 0.799805 0.117676 0.119141 0.061523
0 0.282227 0.508789 0.156250 0.066406
10 0.596680 0.770508 0.062500 0.062500
11 0.144043 0.117676 0.135742 0.051758
12 0.501953 0.149414 0.048828 0.062500
10 0.858398 0.803711 0.052734 0.052734
9 0.107422 0.400391 0.056641 0.056641
11 0.763672 0.581543 0.089844 0.073242
12 0.603516 0.914062 0.050781 0.050781
0 0.545898 0.592773 0.117188 0.076172
0 0.745117 0.725586 0.132812 0.083984
0 0.412598 0.781738 0.151367 0.094727