11 0.710449 0.103516 0.129883 0.056641
3 0.253418 0.219238 0.034180 0.034180
0 0.512695 0.163574 0.193359 0.096680
12 0.327148 0.309082 0.042969 0.065430
12 0.920898 0.108887 0.056641 0.073242
5 0.677246 0.653809 0.051758 0.051758
8 0.333496 0.490723 0.063477 0.063477
0 0.168457 0.779785 0.143555 0.069336
12 0.709961 0.399414 0.048828 0.062500
10 0.484863 0.841309 0.061523 0.061523
6 0.303223 0.621582 0.045898 0.045898
0 0.839844 0.490234 0.134766 0.076172
0 0.855957 0.211426 0.151367 0.088867
8 0.849121 0.737793 0.063477 0.063477
11 0.441895 0.757324 0.102539 0.061523