3 0.450195 0.696289 0.048828 0.048828
4 0.329590 0.493652 0.041992 0.041992
11 0.837891 0.216797 0.121094 0.050781
0 0.346191 0.593750 0.182617 0.062500
8 0.709961 0.305664 0.058594 0.058594
11 0.574707 0.802246 0.131836 0.055664
2 0.790039 0.438477 0.041016 0.041016
8 0.393066 0.098145 0.043945 0.043945
10 0.209961 0.727539 0.044922 0.044922
12 0.842285 0.867188 0.057617 0.056641
10 0.719238 0.166504 0.057617 0.057617
0 0.693359 0.718750 0.121094 0.062500
12 0.832031 0.285645 0.066406 0.049805
12 0.191406 0.233887 0.060547 0.075195
0 0.545410 0.282227 0.190430 0.058594
0 0.593262 0.621094 0.188477 0.068359
2 0.138184 0.719238 0.041992 0.041992
12 0.480469 0.108398 0.054688 0.060547