10 0.196777 0.876465 0.057617 0.057617
12 0.622070 0.089844 0.058594 0.050781
12 0.253418 0.136719 0.041992 0.054688
0 0.303223 0.632324 0.172852 0.077148
0 0.758789 0.797363 0.185547 0.069336
8 0.778809 0.343262 0.045898 0.045898
11 0.504395 0.862305 0.122070 0.070312
10 0.452148 0.776367 0.052734 0.052734
3 0.354980 0.160645 0.041992 0.041992
12 0.144531 0.263672 0.048828 0.066406
9 0.655273 0.517578 0.060547 0.060547
9 0.778320 0.172852 0.054688 0.054688
4 0.348633 0.473633 0.037109 0.037109
6 0.274902 0.794434 0.036133 0.036133
12 0.134277 0.687012 0.040039 0.057617