12 0.135254 0.809570 0.067383 0.076172
10 0.192871 0.231934 0.043945 0.043945
0 0.270996 0.496094 0.125977 0.095703
12 0.322754 0.867676 0.043945 0.059570
0 0.836426 0.748047 0.153320 0.064453
10 0.319336 0.635742 0.044922 0.044922
0 0.817871 0.635742 0.143555 0.076172
11 0.364746 0.781738 0.151367 0.049805
11 0.471191 0.517578 0.151367 0.054688
0 0.686035 0.182617 0.159180 0.062500
11 0.328613 0.158203 0.098633 0.058594
12 0.915527 0.440918 0.061523 0.055664
0 0.621582 0.672852 0.157227 0.070312
11 0.446777 0.274414 0.151367 0.048828
0 0.279297 0.383301 0.154297 0.067383