6 0.145996 0.365723 0.040039 0.040039
0 0.468750 0.834473 0.195312 0.079102
12 0.512695 0.556641 0.054688 0.054688
12 0.691406 0.732422 0.041016 0.050781
0 0.344727 0.542480 0.117188 0.069336
11 0.699707 0.517090 0.120117 0.063477
9 0.365234 0.125000 0.054688 0.054688
10 0.217773 0.479492 0.046875 0.046875
2 0.433105 0.209473 0.040039 0.040039
10 0.076660 0.433105 0.043945 0.043945
7 0.678223 0.417480 0.038086 0.038086
10 0.907715 0.442871 0.051758 0.051758
12 0.299805 0.893066 0.062500 0.075195
10 0.670410 0.351074 0.047852 0.047852