1 0.197266 0.846191 0.171875 0.061523
9 0.462891 0.246094 0.044922 0.044922
1 0.369141 0.387695 0.099609 0.066406
0 0.507324 0.804199 0.145508 0.086914
0 0.168945 0.562012 0.115234 0.051758
1 0.241211 0.134766 0.175781 0.074219
0 0.710449 0.916992 0.145508 0.062500
10 0.919434 0.526855 0.047852 0.047852
9 0.899902 0.696777 0.047852 0.047852
0 0.155273 0.291992 0.130859 0.083984
1 0.600098 0.681152 0.133789 0.069336
1 0.629883 0.313477 0.103516 0.060547
1 0.740723 0.802246 0.186523 0.075195
0 0.526367 0.134766 0.142578 0.078125