8 0.454102 0.100586 0.056641 0.056641
5 0.495117 0.262695 0.037109 0.037109
0 0.228516 0.761230 0.193359 0.079102
0 0.748535 0.632324 0.157227 0.075195
11 0.571777 0.418945 0.155273 0.074219
0 0.561523 0.775879 0.160156 0.069336
11 0.437012 0.646484 0.137695 0.060547
8 0.695801 0.270996 0.063477 0.063477
3 0.235840 0.186035 0.034180 0.034180
12 0.318359 0.312988 0.068359 0.057617
12 0.142578 0.628906 0.041016 0.076172
10 0.586426 0.533691 0.063477 0.063477
7 0.583984 0.625977 0.039062 0.039062
8 0.493164 0.870117 0.054688 0.054688
12 0.653809 0.116699 0.041992 0.057617
7 0.689941 0.486816 0.036133 0.036133