10 0.508789 0.894531 0.044922 0.044922
3 0.207520 0.766113 0.038086 0.038086
5 0.548828 0.745117 0.050781 0.050781
2 0.586426 0.602051 0.038086 0.038086
9 0.774902 0.631348 0.057617 0.057617
0 0.841309 0.406738 0.149414 0.059570
11 0.190918 0.485352 0.110352 0.066406
0 0.600098 0.304199 0.141602 0.075195
11 0.347656 0.452637 0.128906 0.057617
7 0.612305 0.175781 0.039062 0.039062
11 0.231445 0.684082 0.117188 0.069336
12 0.646973 0.578125 0.047852 0.054688
10 0.445801 0.199707 0.063477 0.063477
0 0.519043 0.415527 0.151367 0.086914
6 0.688965 0.913574 0.041992 0.041992
3 0.158691 0.146973 0.034180 0.034180
12 0.349609 0.888184 0.060547 0.065430
0 0.130859 0.888184 0.162109 0.067383