10 0.158203 0.474609 0.052734 0.052734
12 0.563477 0.892090 0.064453 0.049805
11 0.732422 0.705078 0.146484 0.064453
0 0.282227 0.240234 0.152344 0.095703
11 0.717773 0.269043 0.152344 0.055664
11 0.301270 0.651367 0.100586 0.066406
12 0.654297 0.540039 0.050781 0.076172
0 0.262207 0.372559 0.159180 0.067383
2 0.801270 0.828613 0.051758 0.051758
11 0.320801 0.123535 0.149414 0.071289
11 0.671875 0.791992 0.095703 0.056641
9 0.168945 0.807617 0.048828 0.048828
12 0.444824 0.737305 0.040039 0.064453
11 0.534180 0.521973 0.134766 0.059570
0 0.757812 0.115234 0.119141 0.095703
11 0.706055 0.393555 0.089844 0.048828
8 0.104004 0.276855 0.057617 0.057617