0 0.777344 0.283203 0.107422 0.054688
0 0.483887 0.717773 0.172852 0.058594
1 0.289551 0.348633 0.174805 0.062500
9 0.110352 0.267578 0.041016 0.041016
3 0.843262 0.585449 0.045898 0.045898
10 0.539551 0.470215 0.055664 0.055664
1 0.160156 0.535645 0.154297 0.077148
1 0.354980 0.523438 0.166992 0.050781
4 0.238281 0.875977 0.031250 0.031250
7 0.634277 0.705566 0.038086 0.038086
6 0.749512 0.689941 0.038086 0.038086
0 0.590332 0.086426 0.151367 0.067383
1 0.541992 0.811523 0.167969 0.064453
4 0.643555 0.450195 0.048828 0.048828
1 0.771484 0.806641 0.162109 0.066406