9 0.640625 0.268555 0.046875 0.046875
12 0.685547 0.117676 0.054688 0.071289
12 0.175781 0.691406 0.046875 0.052734
5 0.699707 0.448730 0.053711 0.053711
10 0.749023 0.730469 0.050781 0.050781
0 0.461914 0.756348 0.142578 0.088867
0 0.199219 0.914062 0.177734 0.068359
12 0.812012 0.518555 0.061523 0.076172
10 0.303223 0.810059 0.055664 0.055664
3 0.553223 0.571777 0.047852 0.047852
11 0.153809 0.360840 0.114258 0.059570
9 0.453125 0.513672 0.046875 0.046875
11 0.825195 0.311035 0.111328 0.055664