0 0.703125 0.273438 0.123047 0.074219
10 0.544434 0.567871 0.059570 0.059570
0 0.706543 0.598633 0.145508 0.078125
11 0.682617 0.186523 0.113281 0.060547
10 0.427246 0.214355 0.063477 0.063477
4 0.176270 0.327637 0.036133 0.036133
3 0.244629 0.149902 0.051758 0.051758
2 0.806152 0.260254 0.043945 0.043945
11 0.345215 0.566895 0.112305 0.067383
5 0.592285 0.794434 0.038086 0.038086
12 0.836426 0.187012 0.051758 0.063477
0 0.389648 0.777344 0.187500 0.080078
11 0.427246 0.402832 0.143555 0.071289
12 0.095215 0.856934 0.065430 0.049805
7 0.354980 0.093262 0.041992 0.041992