11 0.555664 0.147461 0.138672 0.048828
7 0.832031 0.671875 0.046875 0.046875
3 0.433105 0.070801 0.034180 0.034180
11 0.721680 0.434082 0.152344 0.051758
3 0.587402 0.596191 0.036133 0.036133
11 0.829102 0.247070 0.103516 0.064453
10 0.826172 0.877930 0.056641 0.056641
0 0.638184 0.347168 0.174805 0.079102
2 0.585938 0.249023 0.050781 0.050781
9 0.889160 0.495605 0.061523 0.061523
9 0.318848 0.644043 0.045898 0.045898
8 0.118652 0.297363 0.049805 0.049805
4 0.878906 0.408203 0.050781 0.050781
0 0.595703 0.835938 0.154297 0.072266
0 0.228516 0.093750 0.140625 0.074219