11 0.404297 0.288574 0.126953 0.075195
0 0.778809 0.796875 0.159180 0.064453
8 0.841797 0.109375 0.050781 0.050781
11 0.831543 0.677734 0.090820 0.078125
2 0.389648 0.653320 0.050781 0.050781
4 0.090332 0.302246 0.051758 0.051758
9 0.442871 0.410645 0.059570 0.059570
4 0.711914 0.202148 0.048828 0.048828
12 0.557129 0.303711 0.055664 0.056641
12 0.173828 0.647461 0.054688 0.050781
12 0.698242 0.323242 0.058594 0.072266
12 0.880859 0.225098 0.054688 0.065430
0 0.810059 0.530273 0.186523 0.070312
0 0.501953 0.508789 0.175781 0.097656
11 0.456055 0.109863 0.132812 0.069336